2.128e-02
-1.991e-02
1.912e-02
9.453e-03
6.194e-02
6.113e-02
-1.818e-02
5.057e-02
4.965e-02
-1.084e-02
-6.386e-04
2.145e-02
-2.365e-02
8.914e-04
-1.367e-02
-4.601e-02
3.535e-03
4.547e-02
-1.976e-02
-5.953e-02
2.440e-02
8.997e-02
6.128e-03
2.829e-02
-9.982e-03
3.053e-02
1.564e-02
-1.501e-02
-8.654e-03
4.668e-04
-5.314e-02
1.440e-02
-7.320e-03
9.155e-03
-5.703e-02
6.433e-03
5.489e-03
-9.941e-04
-1.740e-02
3.266e-02
-2.421e-02
5.064e-02
-4.604e-03
-1.092e-02
-5.967e-02
4.478e-02
-3.913e-02
1.244e-03
-7.253e-02
-5.716e-02
-5.121e-02
-1.515e-02
-1.277e-02
3.138e-02
-1.039e-03
3.338e-02
-2.448e-03
-1.700e-02
-3.372e-03
1.567e-02
-1.186e-02
2.628e-02
8.701e-03
9.815e-03
-8.358e-02
3.572e-02
-9.837e-03
4.972e-02
-3.354e-04
-4.470e-02
-4.265e-02
-4.774e-02
1.680e-02
-2.097e-02
6.837e-04
1.953e-02
-1.752e-02
2.686e-03
1.464e-02
-7.187e-02
8.518e-03
-1.593e-02
-1.123e-02
-1.283e-02
-2.334e-02
5.957e-03
8.825e-03
-2.134e-02
2.412e-02
-3.092e-02
-4.414e-02
1.004e-01
-9.118e-02
-7.059e-03
2.129e-02
-4.152e-02
-6.811e-03
-1.614e-02
-2.603e-02
7.263e-03
-8.885e-03
-2.040e-02
2.240e-02
1.588e-02
1.793e-02
-2.990e-03
2.417e-02
-6.239e-02
-5.677e-02
3.501e-02
-2.751e-02
-4.097e-02
-4.754e-02
1.512e-02
-6.264e-02
-7.501e-02
2.961e-02
1.138e-02
-8.678e-02
-1.502e-02
-2.090e-02
-3.105e-02
3.724e-03
1.592e-02
7.717e-03
2.277e-02
-3.717e-02
8.360e-03
-8.431e-03
-2.411e-02
6.643e-02
5.714e-02
-2.512e-02
-1.462e-02
-3.096e-02
-2.199e-02
-3.083e-03
-2.845e-02
-3.293e-02
-1.154e-02
-4.921e-02
-4.168e-02
-1.547e-02
-3.099e-03
6.206e-02
8.138e-02
2.295e-01
-3.407e-02
-2.348e-02
-2.408e-02
-2.435e-02
-3.041e-02
-9.717e-03
-3.779e-02
6.254e-03
-2.168e-02
-1.697e-02
-7.570e-02
-1.059e-02
3.485e-02
2.166e-03
1.255e-01
3.088e-02
-3.473e-02
1.865e-03
2.137e-02
-6.988e-03
3.314e-02
-1.483e-02
1.945e-02
2.610e-02
-2.717e-02
4.548e-02
5.679e-02
2.726e-02
3.317e-02
1.970e-02
-8.941e-03
-1.512e-02
2.473e-02
3.148e-03
-1.338e-02
-4.165e-02
-4.122e-02
3.013e-02
2.922e-02
-3.891e-03
-2.543e-02
-3.568e-03
1.663e-02
-1.342e-02
-2.102e-02
1.505e-02
2.850e-03
7.549e-03
3.026e-02
-1.399e-02
6.440e-02
1.848e-02
-4.437e-02
-1.273e-02
6.867e-03
1.405e-02
-2.265e-02
2.460e-03
4.348e-03
-7.069e-03
-7.685e-03
-3.119e-02
-3.284e-02
2.901e-02
3.143e-02
4.928e-03
4.636e-03
6.157e-02
3.611e-03
3.563e-02
5.106e-02
-5.645e-02
1.293e-02
-1.767e-02
-3.711e-03
-5.223e-03
5.625e-02
-2.131e-02
2.313e-02
1.400e-02
8.061e-02
-2.428e-03
-1.456e-02
1.356e-02
1.441e-02
8.405e-03
-5.400e-02
1.210e-02
-5.080e-03
1.908e-02
1.382e-03
3.292e-02
5.980e-02
-2.195e-02
4.123e-02
-2.374e-02
-1.001e-02
-6.558e-03
-1.339e-01
-5.606e-03
6.898e-02
-2.543e-04
-5.415e-03
-2.739e-02
-2.091e-03
1.739e-02
1.352e-02
9.451e-04
3.525e-02
1.574e-02
-3.357e-02
1.845e-02
2.917e-03
-8.259e-03
-9.041e-04
-4.003e-02
-9.103e-03
4.606e-02
4.416e-02
3.593e-02
-1.107e-02
9.733e-02
4.728e-03
3.426e-02
1.324e-03
1.901e-02
-2.072e-02
3.705e-03
-7.748e-02
4.204e-02
-1.712e-02
1.260e-02
5.233e-02
1.338e-02
-2.271e-02
-4.791e-03
-2.113e-02
-5.748e-02
-2.512e-02
-4.553e-02
2.948e-02
2.536e-02
9.984e-03
-2.826e-02
-3.598e-03
6.667e-02
1.225e-02
1.053e-03
6.773e-03
1.232e-02
1.203e-02
2.493e-02
5.539e-03
-2.006e-02
2.142e-02
2.115e-02
9.859e-03
2.599e-02
9.723e-04
-5.567e-03
-8.346e-03
1.439e-02
1.034e-03
3.993e-02
-5.322e-03
-4.420e-04
1.449e-02
2.683e-02
6.555e-02
-4.674e-02
-2.411e-02
2.411e-04
-1.273e-02
-3.913e-03
3.171e-02
1.193e-02
-4.552e-02
6.139e-03
1.559e-02
-5.795e-02
-2.982e-02
-4.194e-02
7.708e-03
-3.126e-02
2.748e-02
-1.482e-02
3.586e-02
2.015e-02
-7.677e-03
-2.554e-03
-7.163e-02
-1.131e-02
-2.266e-02
-1.030e-02
4.246e-02
3.111e-03
2.145e-02
-1.792e-02
-4.001e-02
2.207e-02
2.354e-02
-1.681e-02
1.838e-02
-2.621e-02
3.166e-02
-2.751e-02
2.487e-02
-1.677e-02
1.249e-02
-5.500e-02
-3.696e-02
-4.087e-02
-3.995e-02
-1.197e-02
-4.161e-02
-2.569e-02
-7.076e-03
1.102e-02
-3.978e-03
3.326e-02
-2.960e-02
-3.158e-02
2.686e-03
1.477e-02
5.858e-02
1.453e-02
-1.734e-02
1.492e-02
-2.206e-02
-3.053e-02
-8.301e-03
-6.878e-02
7.815e-02
5.685e-03
8.109e-03
-1.135e-03
-2.359e-02
2.354e-02
4.183e-02
-4.182e-02
-6.434e-04
2.271e-02
1.841e-02
-1.623e-03
-2.441e-02
2.004e-02
3.037e-02
-7.161e-04
-4.090e-02
-5.104e-02
-3.914e-02
2.610e-02
-3.634e-02
-3.482e-02
7.363e-03
4.055e-02
3.743e-02
-1.027e-02
1.915e-02
-5.079e-02
-4.480e-02
4.446e-04
1.219e-02
4.889e-02
2.120e-02
9.638e-03
2.293e-04
4.740e-02
3.147e-02
4.264e-03
1.082e-02
3.413e-03
-1.737e-03
1.958e-02
3.399e-02
3.333e-03
2.599e-02
2.372e-02
1.807e-02
-1.453e-02
1.123e-02
1.520e-02
3.353e-02
-7.589e-03
2.189e-03
-4.392e-02
4.561e-02
1.915e-01
-8.402e-03
2.894e-02
8.027e-03
1.112e-03
5.638e-02
-2.331e-02
-7.649e-02
-1.091e-02
-1.470e-02
6.233e-03
-3.440e-03
-2.482e-02
9.507e-03
-1.153e-03
5.550e-03
6.427e-03
-2.899e-02
-2.835e-03
-7.134e-02
3.105e-02
-3.231e-02
4.048e-02
4.186e-02
3.665e-02
-2.510e-02
-2.747e-02
7.472e-02
5.675e-03
5.472e-03
-4.432e-02
3.077e-03
-1.248e-02
-1.598e-03
-3.507e-03
3.073e-03
2.881e-02
-2.385e-02
3.670e-03
4.066e-02
-2.246e-02
-1.573e-02
-6.151e-03
1.617e-02
-9.547e-03
-3.397e-02
-1.147e-02
-1.832e-02
-4.269e-02
3.281e-02
1.377e-02
5.235e-02
-2.382e-02
-3.786e-02
-2.359e-02
-1.996e-02
1.010e-02
-3.353e-02
-1.939e-02
2.797e-02
9.908e-03
1.865e-02
2.836e-02
-4.440e-02
1.789e-02
7.608e-05
1.735e-02
1.190e-02
1.544e-02
1.017e-02
-3.476e-02
-1.362e-02
-3.666e-02
3.294e-03
-5.562e-02
2.579e-02
-3.554e-02
-1.271e-02
-3.557e-02
-1.012e-02
-6.640e-03
3.922e-03
-3.506e-02
-3.399e-02
-4.380e-02
1.726e-02
4.735e-02
5.912e-03
-7.833e-05
2.522e-03
1.597e-02
-1.469e-03
3.182e-02
8.222e-03
1.473e-03
5.198e-02
2.756e-03
-5.135e-02
-1.563e-02
-8.876e-02
2.887e-02
5.077e-02
5.062e-02
3.470e-02
1.642e-02
-1.128e-02
3.884e-02
-5.401e-03
-1.670e-02
1.693e-02
4.356e-02
-3.178e-02
1.761e-02
4.831e-02
-1.830e-02
-2.169e-03
-1.113e-02
1.877e-02
-1.001e-02
1.420e-02
6.301e-02
-8.281e-03
1.432e-02
-1.290e-03
-7.259e-02
-3.272e-02
2.625e-02
3.441e-02
1.497e-02
-2.212e-02
4.481e-03
3.584e-02
-4.561e-03
5.897e-03
3.415e-02
9.437e-03
4.730e-02
-2.972e-02
-6.670e-02
4.301e-02
1.424e-02
2.678e-02
-1.274e-02
5.200e-03
-4.378e-02
2.544e-02
3.819e-03
1.564e-02
-7.078e-03
3.337e-02
1.541e-02
3.446e-02
-2.566e-02
3.439e-02
1.665e-02
1.375e-02
4.279e-02
-3.145e-03
1.673e-02
-2.916e-02
-8.982e-03
-2.091e-02
3.741e-02
1.676e-02
7.817e-02
6.225e-03
3.008e-03
3.716e-02
-1.249e-03
-5.792e-03
-5.792e-02
1.652e-03
2.721e-02
1.522e-02
-2.146e-02
4.391e-02
1.990e-02
3.519e-02
4.090e-03
4.517e-02
-5.054e-02
-2.880e-02
-1.213e-02
4.715e-02
-1.133e-02
-5.464e-04
-3.864e-02
4.144e-03
2.035e-02
-1.536e-02
-2.446e-02
-6.952e-02
1.057e-02
6.388e-03
-4.932e-02
-8.161e-03
-1.580e-02
1.803e-02
8.369e-03
-4.332e-02
-1.793e-02
-1.280e-02
-2.916e-03
1.955e-02
-8.761e-03
5.327e-03
4.692e-04
-1.192e-02
-8.013e-03
1.526e-02
-3.071e-02
-1.920e-03
-3.289e-02
-1.666e-02
1.877e-03
2.957e-03
-1.702e-02
2.353e-02
1.884e-02
-5.177e-03
5.093e-02
-2.926e-02
-1.591e-02
-1.343e-02
-9.299e-03
-1.823e-02
4.810e-02
4.820e-03
-1.177e-02
-1.265e-02
1.387e-02
-3.897e-02
-8.920e-02
9.997e-02
-1.019e-02
2.714e-03
3.520e-02
6.911e-03
-4.509e-02
4.189e-02
-1.403e-02
6.748e-03
5.928e-03
-2.198e-04
1.832e-02
-2.119e-02
2.544e-02
7.854e-02
-1.443e-02
-2.259e-02
-3.567e-02
3.300e-02
-9.340e-03
-1.329e-02
-8.102e-02
2.964e-02
1.493e-02
2.500e-02
-2.231e-03
9.935e-03
-3.401e-02
-7.040e-02
-4.475e-02
-8.435e-03
3.199e-02
-1.852e-02
-3.573e-03
2.914e-02
2.373e-02
6.122e-02
4.265e-02
5.155e-03
-5.850e-03
3.811e-02
-1.960e-02
2.518e-02
-5.564e-02
-8.921e-03
2.528e-02
-7.865e-03
-3.426e-02
4.211e-02
-3.534e-02
1.776e-02
-1.350e-02
1.470e-02
-8.895e-03
4.356e-02
1.766e-01
2.475e-02
3.293e-02
2.713e-04
5.287e-03
-1.905e-02
-3.767e-02
-3.137e-02
-9.856e-03
1.181e-02
-1.730e-02
-9.167e-03
-4.172e-02
1.069e-03
-1.112e-02
1.196e-02
1.291e-03
-3.700e-03
-1.148e-02
-8.690e-02
-2.444e-03
-9.551e-04
5.766e-02
6.405e-02
1.923e-02
-6.222e-02
-6.096e-03
9.467e-02
-9.557e-03
2.219e-02
-4.446e-03
-3.928e-03
-1.080e-03
2.728e-02
-9.069e-03
-1.634e-02
3.015e-02
1.677e-02
1.290e-03
-4.295e-03
-1.521e-02
3.163e-02
-5.401e-02
1.155e-03
-6.090e-02
9.612e-03
-3.700e-02
6.280e-03
-1.246e-02
-4.308e-03
1.440e-02
-5.702e-03
4.143e-02
-3.989e-02
-8.918e-03
-1.359e-02
1.339e-02
1.959e-02
-4.957e-02
-1.476e-02
-8.776e-03
6.090e-02
3.138e-03
-8.195e-02
-2.038e-02
7.508e-03
-7.415e-03
4.792e-02
2.340e-02
-4.278e-03
5.769e-03
-3.853e-02
-9.691e-03
-2.954e-02
7.277e-02
1.362e-02
2.062e-03
3.770e-03
-1.239e-02
-6.532e-03
4.604e-03
2.165e-02
-5.036e-02
-1.847e-02
1.096e-02
1.722e-02
-2.166e-02
4.338e-03
-1.888e-02
-1.781e-02
3.674e-02
8.787e-03
-2.891e-02
1.602e-02
-2.459e-02
3.409e-02
-8.333e-03
-2.612e-02
2.488e-02
-9.730e-02
2.155e-02
2.218e-02
8.081e-02
-3.844e-02
-1.155e-02
-3.135e-03
4.481e-02
5.266e-02
-1.131e-02
2.819e-02
1.202e-02
-3.138e-02
1.901e-02
-5.175e-03
6.762e-03
2.123e-02
3.873e-02
2.188e-02
-3.934e-03
4.955e-02
2.759e-03
-2.148e-02
3.093e-02
-1.682e-03
-5.015e-02
-4.984e-02
2.138e-02
1.680e-03
3.015e-02
-4.780e-02
-6.031e-02
1.300e-03
-5.317e-02
1.175e-02
2.902e-02
-3.745e-02
-2.421e-02
-1.774e-02
-2.040e-02
3.339e-03
-1.980e-02
4.782e-02
2.345e-02
3.044e-02
-4.640e-03
-4.019e-02
2.532e-02
-5.059e-03
4.169e-02
-3.562e-02
-4.505e-02
-2.439e-02
5.254e-02
-1.970e-02
1.189e-02
2.909e-03
-4.155e-02
-1.826e-02
-8.685e-03
-3.151e-02
1.106e-02
-3.524e-02
3.857e-02
1.119e-02
1.681e-02
9.608e-03
-2.613e-02
1.717e-03
2.096e-02
-1.935e-02
1.963e-02
-7.009e-02
-3.646e-03
2.691e-02
2.832e-03
1.555e-02
1.029e-02
-1.393e-02
6.617e-02
2.252e-02
-1.484e-01
2.282e-03
-3.132e-02
1.199e-02
2.304e-02
3.306e-02
1.991e-02
-2.384e-02
1.999e-03
4.081e-02
-1.002e-01
-1.915e-02
-1.290e-02
5.202e-02
-4.045e-02
-2.762e-03
1.278e-02
2.306e-02
-7.867e-03
-3.155e-02
-8.993e-03
7.638e-03
1.435e-02
-4.437e-03
4.946e-03
4.359e-02
-2.533e-02
2.176e-02
-5.998e-03
-7.367e-03
-3.981e-02
1.829e-03
-2.066e-02
-5.459e-02
-1.752e-02
1.005e-02
-5.546e-02
5.024e-03
1.416e-02
-2.600e-02
1.212e-03
2.902e-02
-8.547e-04
1.141e-02
5.816e-02
-3.888e-02
7.331e-03
1.406e-02
-2.360e-03
-4.382e-03
-1.792e-02
-3.878e-02
-3.630e-02
9.938e-02
-7.247e-02
2.522e-02
-2.943e-02
3.243e-02
9.220e-03
3.792e-02
-4.049e-02
-4.793e-02
-3.192e-02
5.683e-02
1.650e-02
-3.717e-03
-1.453e-02
7.776e-04
1.245e-03
-5.058e-02
3.866e-02
-1.017e-02
4.294e-03
1.106e-02
-1.251e-01
-3.298e-02
-2.572e-02
4.215e-03
1.032e-02
2.835e-02
-4.296e-02
3.584e-03
1.800e-02
8.026e-03
5.363e-02
1.334e-02
-4.910e-03
3.613e-02
9.607e-02
2.450e-02
-4.040e-02
9.382e-03
-8.490e-03
-1.047e-03
-1.489e-02
6.582e-03
1.458e-02
3.714e-02
2.117e-02
4.110e-03
-3.573e-02
-8.112e-03
9.447e-03
-1.867e-02
4.806e-03
-1.835e-02
1.198e-02
8.308e-02
2.615e-01
-4.494e-02
4.104e-02
2.022e-03
-5.460e-02
1.030e-02
-1.882e-02
4.428e-03
-3.239e-02
1.590e-03
2.551e-02
-9.756e-03
-2.192e-02
-2.644e-03
3.013e-03
1.485e-02
-2.204e-02
9.768e-03
6.345e-02
-3.380e-02
-1.018e-02
1.870e-02
5.881e-02
-4.242e-02
2.871e-02
-6.530e-03
-1.288e-02
1.700e-01
-5.541e-03
-5.983e-03
1.227e-02
-1.434e-02
-2.541e-02
5.383e-02
1.048e-02
-1.864e-02
3.045e-02
9.026e-03
9.622e-03
1.931e-02
1.330e-03
-1.561e-02
-5.041e-03
-2.392e-02
-4.203e-02
-5.580e-02
-3.399e-02
2.856e-02
-6.341e-02
3.443e-02
-6.806e-03
3.992e-02
-5.593e-02
2.402e-03
3.056e-02
4.380e-02
-6.257e-02
1.379e-03
-4.521e-02
4.115e-02
2.488e-02
3.989e-02
2.947e-02
-5.052e-03
4.918e-03
-4.966e-02
-1.504e-02
-3.153e-02
4.218e-02
-4.486e-03
1.070e-02
3.095e-02
5.018e-03
-3.830e-03
-7.840e-03
5.513e-02
7.782e-04
2.925e-03
6.193e-03
-5.186e-02
-7.643e-04
6.751e-02
-8.088e-03
-7.885e-03
-3.779e-02
2.221e-02
2.269e-02
-5.250e-02
2.523e-02
-5.483e-03
1.890e-02
1.241e-02
1.264e-03
-1.452e-02
-2.570e-02
8.732e-03
9.564e-03
-9.417e-03
-5.579e-02
-7.578e-02
5.700e-03
2.099e-02
-3.918e-02
-1.135e-02
1.083e-02
7.131e-03
-1.528e-02
-1.378e-03
-2.402e-02
4.187e-03
-4.642e-03
-3.718e-02
-2.326e-03
1.800e-02
3.156e-02
1.695e-02
2.091e-02
-1.534e-03
2.735e-02
1.571e-02
4.027e-03
2.940e-02
1.514e-02
1.724e-02
-2.314e-02
-1.828e-02
6.234e-02
3.591e-02
1.590e-02
-2.092e-02
-1.933e-02
9.479e-03
-5.181e-02
6.404e-03
-1.425e-02
2.805e-02
-2.478e-02
-3.595e-02
8.166e-03
2.235e-02
2.498e-02
1.452e-03
4.530e-02
-2.348e-02
-1.121e-03
6.605e-03
1.879e-02
3.448e-02
-5.789e-03
3.274e-02
3.229e-02
-1.532e-02
-5.611e-02
1.882e-02
3.765e-02
2.987e-02
-1.449e-02
-8.555e-03
7.231e-03
1.223e-04
-9.797e-02
-5.449e-02
3.491e-02
2.645e-02
3.534e-02
2.344e-03
-5.006e-03
-1.035e-02
1.294e-02
-1.511e-03
1.088e-03
-7.107e-02
-2.781e-02
5.118e-02
1.559e-02
-1.721e-02
7.014e-03
5.102e-02
2.733e-02
2.646e-02
-6.149e-02
-1.384e-02
-1.523e-02
6.498e-03
2.896e-02
2.338e-02
-1.814e-02
9.625e-03
-1.945e-02
3.202e-02
-3.703e-02
2.232e-02
-7.838e-03
-7.027e-03
2.878e-02
4.190e-02
3.258e-02
5.116e-04
1.635e-02
7.724e-04
-1.091e-02
1.380e-02
-3.007e-02
3.871e-02
1.616e-03
8.991e-03
-1.407e-03
3.088e-02
-2.543e-02
-8.168e-03
-1.022e-02
-8.223e-04
-6.333e-03
-1.414e-04
-2.098e-02
-3.549e-02
-3.215e-03
3.299e-02
-7.043e-03
-2.531e-02
4.484e-02
-3.215e-02
-1.518e-02
-2.765e-02
-4.384e-02
-8.448e-03
2.862e-02
3.965e-02
1.295e-02
-1.514e-02
8.467e-03
-2.623e-02
-3.327e-02
5.219e-02
-2.361e-02
4.197e-02
1.636e-02
-5.508e-02
-2.281e-02
7.509e-03
2.888e-02
2.476e-03
3.500e-02
5.665e-03
5.790e-02
1.776e-02
5.932e-02
2.761e-02
3.490e-02
2.923e-02
2.492e-03
5.325e-02
3.705e-02
2.211e-03
-8.658e-02
-2.666e-02
2.967e-02
-1.285e-02
-4.590e-02
2.816e-02
-4.929e-02
-5.218e-02
-4.381e-02
-1.818e-02
-4.435e-03
2.150e-02
3.019e-02
3.317e-02
3.289e-02
-4.871e-03
1.519e-02
8.772e-03
4.741e-02
1.682e-02
3.792e-02
1.361e-03
2.643e-03
2.699e-02
1.716e-02
5.549e-03
2.717e-03
6.045e-03
3.609e-02
5.741e-02
2.144e-02
3.719e-02
1.379e-02
3.831e-02
1.983e-01
-3.524e-02
1.338e-02
-2.000e-02
-1.336e-02
-7.673e-03
1.624e-02
-1.390e-01
-3.718e-02
6.418e-02
3.302e-05
-6.251e-03
1.373e-03
1.717e-02
1.251e-02
1.829e-02
1.239e-02
-2.128e-02
1.712e-02
-3.657e-02
-2.481e-02
6.261e-03
2.356e-02
-1.541e-03
3.085e-02
-5.403e-02
2.624e-02
8.574e-03
3.501e-03
1.836e-03
-7.459e-02
9.943e-03
4.154e-02
-3.956e-03
-2.132e-03
1.737e-02
2.780e-03
1.251e-02
2.380e-02
-7.227e-02
3.027e-02
-1.757e-03
-2.950e-02
2.467e-02
2.220e-02
-4.861e-02
-1.319e-02
-1.467e-03
-5.764e-03
4.272e-02
2.965e-03
8.232e-02
-2.101e-02
-6.119e-02
-4.699e-02
3.945e-04
-3.218e-02
2.261e-02
-5.188e-03
-5.004e-02
-6.517e-03
9.974e-03
-8.366e-05
1.435e-02
-3.954e-02
-1.991e-02
2.803e-02
-2.517e-02
-2.351e-02
8.415e-04
-2.322e-02
-3.587e-02
-5.736e-02
1.579e-02
-5.059e-02
1.677e-02
-1.932e-02
-7.556e-02
3.417e-03
-1.932e-02
-2.481e-02
6.146e-02
4.330e-02
1.803e-02
-2.019e-02
6.050e-02
5.377e-02
-4.740e-02
1.976e-02
3.473e-02
4.291e-02
1.876e-02
-2.794e-02
-1.554e-02
-2.772e-03
7.184e-03
3.982e-02
-9.309e-03
-7.692e-03
-7.708e-02
-1.314e-02
5.408e-02
-1.174e-02
-9.591e-03
-7.242e-02
-5.195e-02
5.294e-02
1.803e-02
-2.968e-02
-4.707e-02
3.668e-02
-1.145e-02
-1.754e-02
2.156e-02
1.108e-02
8.561e-03
4.750e-02
1.892e-02
3.583e-02
-2.525e-02
-8.578e-03
-1.503e-02
8.309e-04
-3.010e-02
-2.871e-02
-7.267e-03
5.513e-02
3.079e-02
6.065e-02
-4.260e-02
-2.482e-02
5.038e-02
-3.747e-02
-6.080e-02
5.071e-02
-2.502e-02
7.149e-02
8.002e-03
-2.001e-02
3.298e-02
2.482e-02
8.290e-02
