-5.775e-01
-4.563e-01
2.527e-01
-1.323e-01
9.862e-01
4.631e-01
-1.136e+00
4.853e-01
6.355e-01
2.640e-01
1.212e-01
-2.107e-01
-7.834e-01
2.253e-01
-3.075e-01
-1.359e+00
-5.247e-01
6.828e-01
-3.675e-01
-1.565e-01
-3.198e-01
8.414e-01
-4.507e-01
3.111e-01
2.945e-02
-7.189e-01
7.601e-02
-1.414e+00
1.296e+00
1.924e-02
-3.118e-01
5.753e-01
-3.207e-01
5.103e-01
-1.047e+00
4.195e-02
6.459e-02
-4.893e-01
-5.399e-02
3.536e-01
3.173e-01
3.712e-01
4.412e-01
7.682e-01
-7.079e-02
1.164e+00
-8.831e-01
-4.189e-01
1.899e+00
7.916e-01
-5.147e-01
-8.653e-01
-3.717e-01
8.994e-01
-1.857e-01
1.290e-01
2.824e-02
7.359e-01
-2.311e-01
1.699e-01
-9.447e-02
3.340e-01
1.945e-01
-1.711e-01
-5.784e-01
4.361e-01
-3.571e-01
9.665e-01
7.674e-01
5.135e-01
-1.542e+00
-2.267e-01
2.733e-01
2.788e-01
-4.189e-01
-1.962e-01
-1.300e+00
3.180e-01
6.045e-01
-5.988e-01
-3.520e-01
-5.196e-01
-5.645e-02
7.260e-02
-5.059e-01
2.926e-01
-9.118e-02
3.508e-01
-2.152e-01
-1.732e-01
7.080e-01
2.744e-01
-1.414e+00
-1.536e-01
6.351e-01
-5.891e-01
7.889e-01
-7.002e-02
-1.933e-01
-3.328e-01
-5.332e-02
6.047e-02
6.965e-01
4.954e-01
2.422e-01
-1.175e-01
4.340e-01
-1.914e-01
2.522e-01
9.462e-01
-4.455e-01
1.552e-01
2.913e-01
-1.126e-01
-1.074e+00
-1.843e+00
9.312e-01
5.041e-01
-3.613e-01
1.132e+00
1.592e-01
-2.410e-01
-1.068e+00
-7.743e-01
-8.675e-02
6.814e-01
-1.125e+00
-1.379e-01
1.548e+00
-3.631e-01
-3.699e-02
-4.303e-01
-5.650e-01
-7.291e-01
-3.792e-01
-6.885e-01
-9.754e-01
-9.990e-02
4.078e-01
8.497e-02
-6.972e-01
-1.079e+00
7.321e-02
1.747e-01
9.036e-01
5.768e-01
-6.915e-01
-2.301e-02
-5.033e-01
-5.172e-01
2.631e-01
-4.900e-01
1.008e+00
1.850e-01
1.571e+00
-3.671e-01
1.748e-01
-9.473e-01
-4.166e-02
3.341e-01
7.251e-01
1.748e+00
-4.531e-01
1.423e-01
-4.218e-01
3.418e-01
-8.083e-01
2.609e+00
-6.686e-01
-3.447e-01
1.184e+00
1.542e-01
8.713e-01
9.494e-01
-8.430e-01
2.082e-02
3.981e-01
-8.935e-02
1.374e-03
6.015e-01
2.966e-01
-3.217e-01
-9.926e-01
-5.252e-01
-2.373e-01
-7.475e-01
-3.418e-01
-9.743e-02
3.952e-01
6.903e-01
-5.960e-01
-6.191e-02
1.127e+00
-1.558e-02
9.641e-01
3.401e-01
-2.391e-01
-2.604e-01
7.989e-01
-1.572e+00
4.682e-01
5.112e-01
1.278e+00
4.570e-01
1.726e+00
2.438e-01
-7.756e-01
6.473e-02
9.626e-02
1.671e-01
7.885e-01
3.818e-01
-3.149e-02
6.445e-01
1.067e+00
5.707e-01
5.861e-01
3.884e-01
-5.627e+00
3.488e-01
1.853e-01
-6.198e-01
-7.576e-01
1.234e+00
-1.044e+00
6.088e-01
4.196e-01
5.575e-01
8.346e-01
-7.477e-01
6.908e-01
9.647e-02
4.333e-01
-5.496e-01
-3.439e-01
2.684e-01
-4.354e-01
2.322e-01
1.621e+00
1.057e+00
-1.637e+00
8.048e-01
-4.508e-01
7.157e-01
1.255e-01
-1.917e-01
-4.661e-02
1.060e-01
2.393e+00
8.425e-02
-3.105e-01
-2.417e-01
-1.406e-01
-1.306e-01
-3.568e-01
1.348e-01
-4.968e-01
-2.299e-01
-3.288e-02
-3.026e-01
-3.147e-01
-6.303e-01
-1.216e+00
-4.124e-02
3.861e-01
1.522e+00
-3.605e-02
-6.331e-02
6.664e-01
3.427e-01
-9.429e-02
1.140e+00
-3.827e-01
-9.663e-01
6.177e-01
-2.336e-01
7.945e-01
-1.559e+00
7.020e-01
6.730e-01
3.036e-01
-3.399e-02
-6.771e-01
7.024e-01
-2.459e-01
-1.469e+00
-1.120e+00
-9.356e-01
