-1.710e-02
-1.353e-02
6.738e-03
-4.548e-03
3.713e-02
1.478e-02
-3.730e-02
1.211e-02
1.862e-02
6.967e-03
4.096e-03
-7.015e-03
-2.488e-02
7.185e-03
-9.442e-03
-5.943e-02
-1.706e-02
2.567e-02
-1.258e-02
-4.805e-03
-1.050e-02
2.062e-02
-1.187e-02
7.740e-03
8.565e-04
-2.385e-02
2.675e-03
-5.941e-02
3.810e-02
5.585e-04
-9.344e-03
1.932e-02
-1.155e-02
1.527e-02
-3.511e-02
1.312e-03
2.135e-03
-1.439e-02
-8.756e-04
1.205e-02
1.114e-02
9.998e-03
1.537e-02
2.604e-02
-2.463e-03
3.906e-02
-2.362e-02
-1.282e-02
2.711e-02
2.501e-02
-1.229e-02
-2.604e-02
-1.244e-02
3.172e-02
-6.452e-03
4.020e-03
1.146e-03
2.136e-02
-8.322e-03
5.672e-03
-3.041e-03
1.188e-02
5.973e-03
-5.209e-03
-1.815e-02
1.239e-02
-1.191e-02
3.319e-02
2.562e-02
1.615e-02
-5.203e-02
-8.915e-03
9.345e-03
8.773e-03
-1.789e-02
-5.724e-03
-4.682e-02
8.857e-03
2.096e-02
-1.985e-02
-1.147e-02
-1.574e-02
-1.880e-03
2.475e-03
-1.430e-02
6.543e-03
-3.327e-03
1.010e-02
-6.767e-03
-4.838e-03
2.424e-02
3.519e-03
-5.700e-02
-5.346e-03
2.181e-02
-2.183e-02
2.546e-02
-1.988e-03
-7.149e-03
-2.221e-02
-1.554e-03
2.320e-03
1.722e-02
1.567e-02
9.528e-03
-4.291e-03
1.398e-02
-5.932e-03
6.222e-03
3.303e-02
-1.354e-02
5.796e-03
1.112e-02
-3.200e-03
-3.556e-02
-6.091e-02
2.429e-02
1.765e-02
-1.210e-02
3.743e-02
5.306e-03
-7.769e-03
-3.562e-02
-2.290e-02
-2.679e-03
2.376e-02
-3.922e-02
-4.150e-03
4.748e-02
-9.933e-03
-1.234e-03
-1.302e-02
-1.908e-02
-2.498e-02
-1.195e-02
-2.296e-02
-3.025e-02
-3.087e-03
1.238e-02
2.700e-03
-2.209e-02
-3.867e-02
2.433e-03
5.124e-03
3.162e-02
3.256e-02
-2.165e-02
-8.425e-04
-1.561e-02
-1.366e-02
9.138e-03
-1.648e-02
3.087e-02
5.987e-03
4.529e-02
-1.240e-02
5.168e-03
-3.166e-02
-1.442e-03
1.356e-02
2.281e-02
6.036e-02
-1.359e-02
4.699e-03
-1.280e-02
1.057e-02
-2.256e-02
1.032e-01
-2.571e-02
-1.106e-02
3.173e-02
5.095e-03
2.804e-02
1.273e-02
-2.531e-02
5.679e-04
1.369e-02
-3.160e-03
4.470e-05
2.061e-02
9.595e-03
-1.088e-02
-3.189e-02
-1.895e-02
-7.549e-03
-2.328e-02
-1.358e-02
-3.534e-03
1.101e-02
2.069e-02
-1.942e-02
-1.860e-03
4.374e-02
-5.323e-04
2.983e-02
1.104e-02
-7.246e-03
-9.617e-03
2.601e-02
-3.914e-02
1.492e-02
1.631e-02
3.713e-02
1.484e-02
6.181e-02
9.589e-03
-1.944e-02
1.935e-03
3.344e-03
6.607e-03
2.327e-02
1.325e-02
-1.092e-03
2.338e-02
3.110e-02
2.020e-02
2.227e-02
1.454e-02
-1.058e-01
1.047e-02
5.862e-03
-1.433e-02
-3.316e-02
5.396e-02
-3.337e-02
1.655e-02
1.707e-02
1.407e-02
3.026e-02
-2.156e-02
2.471e-02
3.365e-03
1.792e-02
-1.568e-02
-1.053e-02
7.876e-03
-1.487e-02
8.081e-03
5.426e-02
4.281e-02
-5.116e-02
1.678e-02
-1.333e-02
2.506e-02
3.977e-03
-5.497e-03
-1.262e-03
2.997e-03
3.863e-02
3.029e-03
-5.976e-03
-7.066e-03
-4.610e-03
-4.104e-03
-1.244e-02
4.259e-03
-1.344e-02
-7.701e-03
-1.036e-03
-1.156e-02
-9.283e-03
-1.827e-02
-4.773e-02
-1.242e-03
1.282e-02
2.125e-02
-1.196e-03
-1.894e-03
2.105e-02
9.773e-03
-2.464e-03
3.553e-02
-1.319e-02
-3.011e-02
2.115e-02
-7.115e-03
2.589e-02
-6.117e-02
2.442e-02
2.175e-02
7.994e-03
-1.096e-03
-2.221e-02
2.385e-02
-1.105e-02
-5.013e-02
-3.509e-02
-2.939e-02
