7.983e-01
7.970e-01
8.864e-01
6.875e-01
6.277e-01
7.406e-01
7.196e-01
9.472e-01
8.065e-01
8.957e-01
6.994e-01
7.098e-01
7.441e-01
7.411e-01
7.697e-01
5.405e-01
7.270e-01
6.286e-01
6.902e-01
7.698e-01
7.195e-01
9.644e-01
8.973e-01
9.499e-01
8.126e-01
7.124e-01
6.716e-01
5.626e-01
8.039e-01
8.140e-01
7.885e-01
7.037e-01
6.562e-01
7.900e-01
7.046e-01
7.556e-01
7.148e-01
8.037e-01
1.457e+00
6.937e-01
6.734e-01
8.774e-01
6.784e-01
6.972e-01
6.794e-01
7.041e-01
8.834e-01
7.721e-01
1.655e+00
7.481e-01
9.893e-01
7.854e-01
7.060e-01
6.701e-01
6.802e-01
7.583e-01
5.824e-01
8.141e-01
6.562e-01
7.078e-01
7.342e-01
6.646e-01
7.696e-01
7.765e-01
7.532e-01
8.320e-01
7.089e-01
6.882e-01
7.079e-01
7.514e-01
7.006e-01
6.010e-01
6.912e-01
7.509e-01
5.533e-01
8.100e-01
6.563e-01
8.485e-01
6.816e-01
7.129e-01
7.251e-01
7.800e-01
7.096e-01
6.932e-01
8.363e-01
1.057e+00
6.478e-01
8.208e-01
7.516e-01
8.462e-01
6.903e-01
1.843e+00
5.865e-01
6.789e-01
6.882e-01
6.378e-01
7.321e-01
8.324e-01
6.391e-01
3.541e-01
8.106e-01
6.160e-01
9.560e-01
7.471e-01
6.008e-01
6.473e-01
7.334e-01
7.628e-01
9.578e-01
6.770e-01
7.775e-01
6.328e-01
6.191e-01
8.316e-01
7.141e-01
7.151e-01
9.060e-01
6.749e-01
7.055e-01
7.148e-01
7.090e-01
7.330e-01
7.085e-01
7.991e-01
7.653e-01
6.777e-01
6.776e-01
7.857e-01
7.704e-01
8.639e-01
7.084e-01
7.812e-01
7.000e-01
6.897e-01
7.498e-01
7.086e-01
7.621e-01
7.649e-01
7.787e-01
7.437e-01
7.460e-01
6.596e-01
7.111e-01
8.057e-01
6.754e-01
4.187e-01
7.547e-01
6.454e-01
7.618e-01
8.945e-01
6.804e-01
7.026e-01
7.715e-01
7.300e-01
8.196e-01
6.994e-01
7.994e-01
7.072e-01
6.831e-01
5.822e-01
7.511e-01
6.844e-01
7.880e-01
7.158e-01
7.790e-01
7.640e-01
8.469e-01
5.973e-01
6.145e-01
7.364e-01
8.816e-01
7.153e-01
7.345e-01
1.762e+00
7.872e-01
8.663e-01
6.871e-01
6.682e-01
7.267e-01
6.898e-01
7.304e-01
6.985e-01
7.356e-01
6.550e-01
7.430e-01
7.588e-01
5.948e-01
6.515e-01
8.486e-01
7.886e-01
7.254e-01
7.866e-01
6.089e-01
6.915e-01
7.637e-01
7.278e-01
7.797e-01
6.398e-01
7.258e-01
9.492e-01
7.418e-01
7.407e-01
8.133e-01
7.279e-01
6.600e-01
6.009e-01
9.429e-01
7.908e-01
6.802e-01
5.977e-01
8.010e-01
6.811e-01
6.815e-01
6.516e-01
8.105e-01
6.677e-01
6.221e-01
6.312e-01
1.257e+00
7.874e-01
7.470e-01
1.022e+00
5.399e-01
5.404e-01
7.393e-01
8.696e-01
5.809e-01
9.363e-01
6.518e-01
8.196e-01
6.607e-01
6.776e-01
5.713e-01
8.285e-01
7.719e-01
8.053e-01
6.919e-01
6.792e-01
7.061e-01
5.837e-01
7.561e-01
1.133e+00
7.990e-01
6.750e-01
7.459e-01
8.242e-01
8.730e-01
8.362e-01
1.464e+00
6.573e-01
1.228e+00
8.083e-01
7.210e-01
7.520e-01
6.777e-01
7.481e-01
8.736e-01
7.056e-01
7.499e-01
6.185e-01
8.011e-01
8.151e-01
6.021e-01
7.847e-01
7.119e-01
1.693e+00
7.121e-01
7.899e-01
7.481e-01
8.289e-01
9.044e-01
7.581e-01
6.856e-01
7.585e-01
6.902e-01
7.760e-01
7.252e-01
6.023e-01
6.793e-01
7.312e-01
8.977e-01
7.328e-01
7.204e-01
6.960e-01
5.261e-01
6.928e-01
7.547e-01
7.523e-01
