-5.200e-01
1.363e+00
1.529e-01
4.067e-01
5.294e-02
-2.480e-01
8.706e-02
1.007e-01
7.058e-01
-7.394e-01
1.300e+00
-5.089e-01
7.612e-02
-6.293e-02
-2.889e-01
-4.327e-01
4.893e-02
-1.216e-02
-7.333e-01
-1.127e-02
-4.898e-02
-4.180e-01
9.079e-02
6.326e-01
-4.111e-01
-4.237e-01
2.449e-01
-1.146e+00
-7.007e-02
-5.697e-01
2.013e-01
1.635e-01
5.007e-01
-2.240e-04
-2.422e-01
3.865e-02
1.268e+00
-7.265e-01
-2.927e-01
1.861e-01
-2.864e-01
-4.599e-01
4.404e-01
-3.520e-02
1.081e+00
3.715e-01
4.412e-01
-6.788e-02
6.174e-01
-3.768e-02
-4.598e-01
1.349e+00
-7.383e-03
-5.962e-01
-3.736e-01
-8.411e-02
-2.576e-01
-5.684e-01
1.887e-01
-8.478e-01
-1.218e-03
-1.693e-01
-2.322e-01
-4.647e-02
4.872e-02
7.174e-01
5.850e-01
-1.089e+00
7.146e-02
1.086e+00
-7.579e-01
1.061e+00
3.350e-01
-1.237e-01
3.094e-01
-1.793e-01
-4.351e-01
-2.382e-01
-8.666e-01
3.518e-02
8.640e-02
2.698e-01
3.575e-01
9.105e-01
-2.076e-01
2.209e-01
-8.099e-01
-1.643e-01
5.396e-01
-3.926e-01
-5.018e-02
-2.552e-01
-2.424e-01
-1.113e+00
-6.430e-01
6.267e-01
5.815e-01
1.384e+00
-7.896e-02
1.138e-01
-1.722e-01
2.393e-01
-1.878e-03
-2.163e-01
-8.462e-01
-4.243e-01
-1.014e+00
1.036e+00
-7.502e-01
-9.627e-01
-2.657e-01
7.209e-02
1.674e-03
-1.626e-01
-6.338e-01
-3.380e-02
-1.636e-01
5.573e-01
2.306e-01
-2.817e-02
1.303e+00
-2.624e-01
-5.519e-01
1.466e-01
4.114e-01
-1.976e-01
-5.456e-02
-1.103e-01
1.499e-02
2.124e-01
2.794e-01
-2.491e-01
-3.883e-01
2.305e-01
2.508e-01
1.428e-01
4.161e-02
-1.834e-01
1.289e-01
6.716e-01
-1.348e-01
6.053e-01
1.105e-01
-6.695e-01
7.825e-01
1.584e-02
-3.081e-01
1.435e-01
-5.053e-01
6.920e-01
-6.094e-01
-4.857e-01
-3.117e-01
-1.322e+00
-7.661e-01
3.155e-01
7.764e-02
-3.238e-01
-1.000e-02
-1.467e-01
1.861e-01
-2.907e-01
-1.943e-01
-3.083e-01
-3.518e-02
-1.509e-01
-9.755e-01
3.798e-01
7.617e-02
-1.393e-01
-1.250e-01
2.493e-01
1.706e-02
7.882e-01
-1.279e-02
-1.209e+00
-9.802e-01
7.956e-03
8.573e-01
-2.472e-02
1.548e-01
1.462e+00
-2.723e-01
-1.041e-01
3.293e-01
1.486e-01
-1.059e-01
-3.086e-01
1.119e-01
-3.474e-01
-5.388e-01
1.357e-01
4.630e-01
-9.879e-01
1.641e-01
4.259e-03
-3.785e-02
-1.758e-01
-7.530e-01
4.475e-01
-9.989e-01
-1.982e-01
8.870e-01
4.908e-01
-1.048e+00
-4.302e-01
8.088e-01
6.683e-01
3.302e-02
1.098e+00
-1.210e-01
1.930e-01
-9.992e-02
-1.203e-01
7.451e-01
-1.418e-02
6.430e-02
-3.087e-01
3.860e-01
1.571e+00
-7.572e-01
3.429e-01
1.612e-03
7.904e-02
7.954e-02
3.519e-01
-4.852e-01
1.341e+00
-6.974e-02
2.507e-01
-1.739e-01
2.189e-01
3.718e-01
1.470e+00
-1.094e-02
3.164e-01
1.048e+00
-4.079e-02
1.606e-01
4.585e-01
-1.367e-01
-6.989e-02
-3.695e-01
5.478e-01
-5.990e-01
-2.874e-02
5.787e-01
9.509e-01
-1.036e+00
-2.404e-01
-4.044e-01
1.750e-02
-2.040e-01
-2.057e-01
1.768e-01
6.895e-01
-2.900e-01
5.812e-01
-1.138e-01
8.438e-01
-7.750e-01
-6.068e-01
-3.123e-01
-1.425e-01
-5.460e-01
4.642e-01
1.279e-01
-1.055e+00
-2.618e-01
3.523e-01
-3.102e-02
3.558e-01
-2.617e-02
1.933e-01
-9.463e-02
-4.837e-01
3.242e-02
-4.102e-01
3.410e-01
2.667e-01
-3.340e-01
2.723e-01
8.845e-01
5.167e-01
-8.877e-01
-4.364e-01
3.129e-01
9.057e-01
