-3.822e+00
4.365e+00
-3.699e+00
4.339e+00
6.565e+00
-2.983e+00
2.896e+00
-3.574e+00
-6.517e+00
-8.347e+00
-9.325e+00
1.572e+00
-5.357e+00
-4.488e+00
-2.250e-01
3.558e+00
-3.807e+00
-4.249e-01
-1.042e+01
6.721e+00
8.352e-01
-2.136e+00
1.527e+01
-3.588e+00
-2.001e+00
4.087e+00
1.012e+00
-5.465e+00
-3.030e-01
3.511e-01
2.492e+00
-1.203e+00
-7.730e+00
1.118e+00
-1.464e+00
-1.533e+00
-8.042e-01
-8.970e+00
-1.521e+00
-1.134e+00
2.815e+00
-1.478e+01
-2.731e+00
3.752e+00
2.335e-01
-4.239e+00
2.092e+00
-5.417e-02
3.235e+00
-2.882e+00
4.395e+00
-7.720e+00
-1.336e+00
-9.119e+00
6.748e-01
-6.440e-01
-2.540e+00
1.116e+00
1.293e+01
6.485e+00
5.136e+00
1.261e+00
-1.958e+00
-1.546e+00
6.987e+00
-3.081e+00
7.757e+00
1.403e+01
-7.702e+00
-3.167e+00
6.960e+00
8.489e-01
2.702e-01
-6.869e+00
9.418e-01
1.709e+00
-1.189e+01
-1.361e+00
3.931e+00
-1.125e+01
6.892e+00
8.766e+00
-2.211e+00
-8.198e+00
8.181e+00
6.368e+00
-1.923e+00
1.378e+00
-2.047e+00
3.567e+00
1.346e+00
-4.055e+00
-7.251e+00
-3.690e+00
2.364e+00
-2.735e+00
-5.860e-01
1.081e+01
-3.943e+00
-2.127e+00
-4.336e+00
7.770e+00
2.381e+00
-8.573e+00
-4.500e+00
1.818e+00
2.521e-01
2.205e+00
-4.775e+00
6.631e+00
5.783e+00
-2.583e+00
-4.926e+00
4.207e+00
-5.076e+00
3.390e+00
-4.917e+00
-7.267e+00
-4.025e-01
2.595e+00
-5.938e+00
1.617e+00
3.106e+00
-7.827e+00
6.336e+00
3.569e+00
1.078e+01
3.527e+00
-2.477e+00
-8.168e-01
-2.481e+00
1.641e-01
1.902e+00
2.663e+00
-6.586e+00
2.330e+00
4.853e+00
-5.109e+00
-1.235e+00
-4.426e+00
7.104e-01
5.106e+00
-4.906e-01
-2.894e+00
4.572e+00
-3.254e+00
4.581e+00
9.256e+00
-2.734e+00
2.589e-01
-1.482e-01
2.698e-01
2.824e+00
-3.490e-01
1.293e+00
-9.669e+00
-1.411e+00
-2.539e+00
3.120e+00
-1.115e+00
-4.075e+00
2.122e+00
-3.966e+00
-4.208e+00
3.846e+00
6.465e+00
-3.036e+00
-6.097e+00
1.146e+00
1.603e+00
1.467e+00
5.508e+00
2.119e-01
3.677e+00
4.236e+00
-1.578e+01
9.715e+00
-3.552e-01
2.315e+00
1.112e+01
6.912e+00
7.487e+00
-1.536e+01
-4.965e+00
-2.479e+00
-4.253e+00
-1.496e+00
-3.665e-01
-3.206e+00
5.253e+00
-3.584e+00
-2.253e+00
-8.127e+00
-6.213e-01
-5.475e+00
-2.853e+00
-1.070e+01
2.245e-01
1.733e+00
-8.375e+00
1.235e+00
-9.608e+00
7.716e-02
1.540e+00
-2.425e+00
1.362e+00
1.713e+00
-2.473e-01
-1.683e+00
6.574e+00
-3.131e+00
-3.437e+00
1.381e+01
-4.571e-01
6.239e+00
-1.281e+00
2.189e+00
-2.808e+00
2.694e+00
-9.895e+00
9.368e-02
-1.550e+01
-1.142e+00
6.110e+00
5.160e+00
3.508e+00
-5.717e+00
1.738e+00
1.124e+00
8.586e+00
2.461e+00
-1.362e+01
-9.603e-01
-1.342e+00
1.002e+01
-3.651e+00
-1.068e+01
-4.712e-01
-2.235e+00
9.096e+00
-3.415e+00
1.477e+01
-6.494e+00
7.698e-01
-8.524e-01
6.409e+00
7.994e+00
-4.837e+00
8.000e-02
9.846e+00
-3.709e+00
2.043e+00
-5.468e+00
2.415e+00
1.444e+00
1.300e+00
4.872e+00
-4.317e+00
-2.888e+00
1.017e+01
1.292e+01
-2.677e+00
-6.088e+00
-1.649e+00
5.460e-02
-5.996e+00
5.646e+00
2.458e+00
3.856e+00
1.375e+00
6.371e+00
4.656e+00
-4.380e-01
-6.014e+00
-2.153e-01
-2.073e+00
7.719e+00
-7.018e+00
3.796e+00
-6.629e+00
-2.365e+00
-8.116e-01
1.456e+00
-1.891e+00
7.123e+00
1.323e+00
-6.823e+00
-2.841e+00
-1.033e+00
-1.937e+00
-1.622e+00
-2.020e+00
1.044e+00
3.747e+00
-6.369e+00
-1.610e+00
1.819e+00
8.406e-01
3.763e+00
2.503e+00
-9.380e-01
-1.077e+00
-5.260e+00
-6.432e+00
-6.288e-01
5.693e-01
4.765e-01
4.819e-01
3.615e+00
-4.962e+00
-2.034e+00
-2.909e+00
5.590e+00
-6.455e+00
4.341e+00
-5.811e+00
-1.119e+01
5.489e+00
1.552e+00
-1.307e+01
-2.959e+00
1.299e+00
-1.375e+00
-6.217e+00
-5.387e+00
-1.854e+00
-5.674e+00
1.698e+00
2.095e+00
-1.052e+01
-7.196e+00
6.435e+00
-1.044e+01
6.005e+00
4.850e+00
5.457e+00
1.296e+00
7.459e+00
7.322e+00
-9.568e-01
-9.915e+00
-4.123e-01
2.247e+00
6.230e+00
1.872e+00
5.787e+00
1.396e+01
2.701e+00
-3.943e+00
-3.851e+00
3.973e+00
-6.890e+00
-4.559e+00
9.042e-01
-6.481e+00
3.555e+00
-4.885e+00
-6.499e+00
5.725e-01
1.016e+01
6.979e+00
-3.569e+00
6.426e+00
1.643e+00
8.711e+00
-9.978e-01
2.299e+00
2.039e+00
-8.146e+00
8.758e+00
-1.159e+01
2.006e+00
1.208e+01
-1.557e+00
-1.067e+01
-1.053e+00
7.640e-01
-5.293e+00
-9.800e+00
3.800e+00
-1.527e+00
1.173e+01
9.028e-01
-6.111e+00
3.163e+00
-9.011e+00
1.416e+00
1.439e+00
1.696e+00
-8.901e+00
-3.441e-01
-1.922e+00
-4.144e+00
-1.275e+01
-3.834e+00
-1.151e+01
-6.670e+00
1.117e-01
2.433e+00
-7.959e-01
4.632e-01
4.801e-01
-3.055e+00
4.798e+00
9.011e+00
-1.048e+00
8.451e+00
-2.197e+00
7.582e-01
8.550e+00
-9.500e+00
-8.879e+00
-9.000e-02
1.305e+00
-1.206e+01
2.204e-01
-7.879e-01
-2.803e+00
2.888e+00
4.337e+00
4.159e+00
1.162e+00
-2.139e+00
-1.341e+00
6.883e+00
9.654e+00
4.160e+00
-5.992e+00
-3.691e+00
4.449e-01
-5.581e+00
7.948e+00
1.668e+00
6.582e+00
4.335e+00
1.265e+00
1.487e-01
5.234e+00
-5.861e+00
2.813e+00
-4.600e+00
6.029e+00
-2.025e+00
6.309e-01
-1.201e-01
-5.296e+00
9.624e-01
6.491e+00
-3.946e+00
-3.874e+00
3.979e+00
-4.377e+00
-2.882e+00
-4.593e+00
-1.129e-01
-1.043e+01
-5.409e+00
-1.057e+00
1.782e+00
-1.786e+00
3.523e+00
-7.877e+00
-5.008e+00
-7.795e-01
2.717e+00
-3.654e+00
-1.954e+00
-9.765e+00
4.487e+00
-1.322e+01
3.630e+00
3.248e+00
-1.646e+00
-2.917e+00
5.324e+00
-4.111e+00
-2.061e+00
7.106e+00
7.988e+00
1.353e+00
-6.869e+00
8.541e-01
4.053e+00
4.014e+00
7.821e-01
-6.457e-01
7.985e+00
-1.001e+01
-6.845e+00
6.752e+00
1.223e+00
4.758e+00
-6.692e-01
6.891e+00
-5.819e+00
8.597e+00
7.142e+00
-1.335e+00
-3.560e+00
1.860e+00
-9.663e+00
-2.497e-01
-2.732e+00
-5.691e-01
-3.524e-01
-6.011e+00
4.676e-01
1.445e+01
2.429e+00
-9.258e-01
-2.918e+00
2.328e+00
-1.060e+01
-4.380e+00
-9.981e+00
9.730e+00
-1.099e+01
-1.596e+00
-3.780e+00
1.484e+00
7.733e+00
-4.658e-01
3.422e+00
5.554e-01
-5.981e+00
-6.552e+00
1.311e-01
-3.046e+00
6.787e-01
-3.019e+00
-3.717e+00
1.792e+00
-5.135e+00
-4.529e+00
1.658e+00
-3.428e+00
2.263e+00
4.048e+00
-2.354e+00
-9.028e-01
-6.653e+00
3.700e+00
-1.797e+00
4.293e-01
5.171e+00
8.996e+00
-5.541e+00
-3.924e-01
-2.691e+00
-1.185e+00
5.334e+00
5.175e+00
-8.298e-01
-7.247e+00
6.449e-01
2.887e+00
-6.342e+00
9.879e-01
1.243e+00
5.726e+00
-1.170e+01
7.704e+00
-2.026e+00
1.272e+00
-4.708e+00
-3.238e+00
3.375e-01
1.580e+01
-2.026e+00
-8.531e+00
6.267e+00
1.895e+00
-1.089e+01
1.554e+00
3.610e-01
2.762e+00
4.478e+00
-4.909e+00
-1.167e+00
-8.473e-01
8.909e-01
5.750e+00
-1.570e+00
4.777e+00
2.251e+00
-5.228e+00
-1.602e+00
1.242e+00
1.970e+00
-4.182e-01
-1.262e+00
-1.316e+00
1.157e+00
9.935e+00
3.430e+00
-2.887e+00
-2.416e-02
-3.589e+00
-9.414e+00
-4.287e+00
1.295e+01
-8.364e+00
4.123e+00
-1.830e+00
-3.120e+00
-8.126e+00
4.758e+00
7.442e+00
3.159e+00
-6.041e+00
-3.269e+00
1.211e+00
2.457e-01
2.421e+00
-4.919e+00
-4.949e+00
2.966e+00
2.515e+00
1.007e+01
1.204e+00
-7.122e+00
-4.969e+00
9.122e+00
2.461e+00
2.541e+00
-4.239e+00
5.647e-01
-6.249e+00
4.591e+00
3.814e+00
6.861e+00
-3.527e+00
3.833e+00
-4.279e+00
9.770e+00
9.157e-01
6.697e+00
-3.483e+00
-2.412e-02
7.436e-01
1.551e+00
1.381e+00
-4.911e+00
4.247e+00
2.197e+00
3.219e+00
9.235e-01
-3.152e+00
-1.670e+00
-6.865e+00
-3.781e+00
-6.229e+00
-6.241e+00
7.540e-01
-2.617e+00
-5.828e+00
9.227e+00
6.348e-01
3.467e+00
-3.347e-01
-6.551e+00
-1.001e+01
-7.687e-01
5.020e+00
-2.888e+00
9.109e+00
-1.942e+00
3.406e+00
-1.528e+00
5.092e+00
4.881e+00
4.539e+00
-4.742e+00
1.106e+01
8.208e-01
1.269e+00
-5.647e+00
4.543e+00
-4.082e+00
-9.862e-01
-3.442e+00
1.994e+00
-2.806e+00
2.434e+00
-8.179e+00
4.264e+00
-5.602e+00
-8.212e+00
-3.866e-01
-6.120e+00
2.999e+00
3.175e+00
3.089e+00
4.803e+00
3.524e-01
-5.261e+00
4.183e+00
-2.172e+00
-1.233e+00
-1.603e+00
-3.961e+00
-8.244e+00
1.538e+00
-1.475e+00
-3.732e+00
8.431e+00
6.820e+00
-1.907e+00
-4.282e+00
-7.004e+00
7.900e-01
8.555e+00
-4.549e-01
7.773e-01
-3.554e-01
3.882e-01
6.295e+00
8.127e+00
-1.140e+00
7.006e+00
2.140e+00
-7.714e+00
9.357e+00
-2.766e+00
-1.260e-01
8.027e+00
7.704e+00
-1.268e+01
-5.587e-01
7.323e+00
-1.042e+01
-1.810e-01
6.997e+00
9.997e-01
1.642e+00
-5.308e+00
-8.326e-01
-1.786e+00
-5.188e+00
-8.059e+00
1.889e-01
-2.821e+00
-4.161e+00
1.718e+00
1.510e-01
7.997e+00
8.126e-01
1.074e+00
1.477e+00
2.306e-01
-4.019e+00
8.278e-01
-2.831e-01
-4.775e+00
3.752e+00
-5.679e+00
1.753e+00
-2.994e+00
9.486e+00
7.608e+00
1.252e+01
-1.127e+00
-4.859e+00
-2.821e-01
-4.686e+00
1.250e+00
-1.858e+00
6.218e+00
