-1.325e-02
3.857e-02
3.002e-02
-9.656e-02
5.114e-03
2.192e-02
2.826e-02
2.299e-02
6.264e-02
2.018e-02
-3.709e-01
2.904e-02
-1.776e-02
-1.157e-01
9.326e-03
2.765e-02
-1.822e-02
-3.031e-02
2.834e-02
6.034e-02
1.800e-02
-2.662e-03
-5.580e-02
-2.225e-02
-2.641e-02
8.341e-02
9.805e-01
-4.847e-02
2.078e-02
8.371e-03
-1.937e-02
5.515e-02
6.266e-02
-2.319e-02
-5.303e-03
-1.346e-01
3.181e-02
2.392e-02
-1.064e-01
-2.719e-02
1.372e-02
7.259e-02
2.036e-02
-1.343e-01
1.631e-02
-1.640e-02
5.587e-02
-1.825e-02
-2.367e-02
-1.384e-01
-2.169e-02
-4.675e-02
-2.185e-01
-3.154e-02
-1.438e-01
1.143e-01
-1.786e-01
1.018e-02
-3.632e-01
1.861e-01
4.512e-02
-2.272e-04
1.638e-01
6.337e-02
1.925e-02
-1.753e-01
2.448e-03
-1.106e-01
-9.122e-02
1.176e-01
8.138e-02
-1.373e-02
6.938e-03
-1.410e-01
-4.759e-02
4.420e-03
-8.160e-02
-1.018e-02
-4.243e-03
-8.757e-02
-6.103e-02
-2.150e-01
8.764e-03
-3.487e-02
-4.562e-02
3.793e-01
3.933e-01
6.895e-02
1.689e-02
-1.286e-02
-2.129e-02
-7.525e-02
-3.135e-02
-2.620e-03
-1.477e-02
4.251e-02
-1.324e-02
1.216e-01
3.921e-02
5.374e-02
1.226e-01
-8.590e-02
1.740e-01
-5.386e-02
-4.718e-01
-1.155e-01
-5.800e-02
1.305e-01
1.977e-01
-5.882e-02
3.293e-01
-1.398e-01
5.879e-02
-1.376e-01
2.761e-01
9.743e-02
4.732e-01
4.688e-02
2.466e-01
-2.501e-02
1.852e-01
-7.028e-02
1.214e-01
1.464e-02
3.422e-02
2.440e-02
-4.796e-01
1.332e-01
1.261e-01
-1.662e-01
-1.843e-01
-5.970e-02
-3.616e-01
2.294e-01
-4.627e-03
3.414e-02
-2.318e-02
1.234e-01
-1.239e-01
2.507e-01
-3.362e-01
-1.814e-01
2.220e-01
2.485e-01
-1.639e-01
-1.380e-01
-1.187e-01
-8.862e-02
-7.718e-03
-6.848e-02
-9.042e-02
2.171e-01
-1.245e-02
6.599e-02
1.518e-01
2.269e-01
-1.185e-01
-9.238e-02
-9.401e-02
3.081e-01
5.711e-02
-3.029e-01
1.659e-01
-6.003e-02
1.586e-01
-1.023e-01
1.138e-01
-9.083e-02
-2.668e-01
7.170e-02
-2.797e-01
-1.885e-01
9.464e-02
1.781e-01
-9.965e-02
-1.478e-01
3.974e-01
-7.294e-02
-1.848e-01
1.132e-01
7.942e-02
-1.078e-01
-6.005e-02
-2.161e-01
-2.525e-01
-8.772e-02
1.047e-02
-1.086e-01
2.509e-01
5.824e-02
-1.863e-01
-9.529e-02
3.030e-01
-8.072e-02
-8.593e-02
-3.992e-02
2.716e-02
4.879e-02
-4.962e-02
1.485e-02
-9.473e-02
8.098e-03
-1.477e-01
-1.145e-01
2.895e-02
1.911e-01
1.232e-01
-3.170e-01
-2.010e-01
-1.053e-01
-1.023e-01
7.393e-03
1.275e-01
3.682e-03
1.589e-02
-5.283e-02
1.944e-01
-4.194e-03
2.629e-02
1.480e-02
9.609e-02
8.932e-02
-6.280e-03
-2.519e-03
-1.891e-02
6.195e-02
1.655e-03
-5.830e-04
-8.046e-02
-5.636e-02
-2.412e-02
-2.851e-01
-1.340e-01
2.218e-01
1.056e-01
-8.501e-02
-3.184e-01
-2.785e-01
7.252e-02
2.213e-01
6.052e-02
1.896e-02
-1.986e-03
6.087e-03
1.441e-02
-3.074e-02
9.561e-01
-6.217e-01
7.156e-03
-4.379e-02
8.998e-04
-1.042e-01
2.718e-02
1.093e-02
-4.062e-02
7.451e-02
-1.743e-02
1.851e-02
1.398e-01
2.176e-01
-2.444e-02
-6.400e-02
-5.256e-03
5.457e-02
-3.141e-02
7.853e-02
-1.114e-01
-1.364e-02
3.518e-02
-9.869e-03
5.199e-03
-4.400e-02
2.983e-02
2.982e-03
6.201e-02
-7.809e-02
-1.764e-03
3.244e-02
-2.022e-01
-1.455e-02
3.370e-04
-3.455e-02
2.969e-01
1.851e-02
8.915e-03
1.069e-02
-1.903e-02
3.359e-02
1.455e-02
1.144e-02
7.092e-02
-2.033e-02
6.497e-03
-2.666e-02
9.667e-03
1.365e-02
5.610e-02
-1.582e-02
-3.273e-01
-9.840e-03
-2.639e-02
-7.177e-03
2.352e-02
1.204e-02
-3.972e-03
2.592e-03
1.580e-02
-3.779e-03
2.305e-02
-1.223e-02
2.337e-02
-4.811e-03
-1.143e-02
-1.233e-02
8.060e-01
-1.728e-02
5.212e-03
2.123e-02
1.134e-02
5.244e-02
2.193e-02
2.467e-02
1.005e-02
-3.080e-02
-1.742e-02
-2.318e-02
4.005e-02
1.412e-02
5.016e-03
1.548e-02
-3.838e-02
-3.995e-02
4.609e-04
1.504e-02
-9.447e-03
-2.765e-02
-2.324e-02
-1.381e-01
-2.159e-02
-4.658e-02
-2.184e-01
-3.128e-02
-1.436e-01
1.141e-01
-1.782e-01
1.038e-02
-3.632e-01
1.856e-01
4.503e-02
-4.834e-04
1.638e-01
6.371e-02
1.921e-02
-1.752e-01
2.777e-03
-1.106e-01
-9.105e-02
1.176e-01
8.089e-02
-1.357e-02
6.712e-03
-1.402e-01
-4.752e-02
4.849e-03
-8.156e-02
-1.011e-02
-3.846e-03
-8.725e-02
-6.095e-02
-2.152e-01
8.458e-03
-3.487e-02
-4.505e-02
3.780e-01
3.923e-01
6.879e-02
1.684e-02
-1.280e-02
-2.123e-02
-7.539e-02
-3.112e-02
-2.924e-03
-1.501e-02
4.231e-02
-7.713e-02
1.156e-01
-8.256e-03
-1.047e-01
8.306e-02
-1.072e-01
8.476e-02
6.670e-02
-3.765e-01
-1.971e-01
6.631e-02
1.602e-01
1.080e-01
9.962e-03
2.549e-01
-5.211e-02
-3.874e-02
-7.406e-02
1.677e-01
1.263e-01
2.516e-01
-6.877e-02
2.269e-01
-3.887e-02
1.657e-01
3.487e-03
4.498e-02
-1.240e-02
2.671e-02
1.297e-02
-2.413e-01
7.163e-02
8.894e-02
-9.830e-02
-1.157e-02
-2.784e-02
-2.920e-01
1.614e-01
1.720e-02
-3.123e-02
3.263e-02
1.223e-02
-1.109e-01
1.482e-01
-2.111e-01
-9.564e-02
8.163e-02
3.345e-01
8.600e-02
4.666e-02
-7.420e-02
-1.199e-01
-1.967e-01
-6.215e-03
6.373e-02
-5.648e-02
1.335e-01
-5.997e-02
-3.120e-02
-2.603e-02
1.376e-01
2.011e-02
1.289e-01
-1.183e-01
-6.690e-02
2.841e-01
-5.920e-02
2.618e-02
-1.593e-01
-9.137e-02
1.981e-02
1.541e-01
2.449e-02
-3.001e-02
-3.125e-01
8.561e-02
-1.977e-01
-9.990e-02
-4.585e-02
-1.442e-02
-4.776e-02
-8.163e-02
-3.376e-02
-8.396e-02
-8.757e-02
-1.640e-01
1.239e-01
1.581e-01
-3.947e-03
5.751e-03
-1.670e-01
2.072e-01
5.015e-02
-5.884e-02
9.056e-02
-4.871e-02
-1.369e-01
6.961e-02
-1.373e-01
-1.330e-01
-5.027e-02
-1.256e-02
7.174e-02
8.408e-02
1.447e-01
1.869e-01
2.100e-02
-3.271e-02
1.249e-01
-5.516e-02
3.357e-02
-9.045e-02
8.747e-02
-6.117e-02
-9.657e-02
-4.849e-02
5.113e-03
3.800e-04
3.886e-02
7.713e-03
-1.512e-01
3.633e-04
-5.765e-02
-6.413e-02
-5.077e-02
2.099e-01
-8.839e-02
-1.905e-02
6.281e-02
1.509e-01
1.574e-01
-1.572e-02
2.160e-02
-1.609e-01
-3.604e-02
1.329e-01
5.498e-02
1.236e-02
4.434e-02
-1.477e-01
1.075e-01
-7.349e-02
-2.023e-01
-2.069e-01
2.699e-02
-1.153e-02
9.007e-02
-1.521e-02
-2.890e-02
2.769e-02
9.045e-01
-3.921e-01
6.236e-02
1.642e-02
-5.717e-02
-1.313e-02
-2.975e-02
-1.761e-02
9.696e-02
8.159e-02
-1.882e-02
-1.026e-01
-2.580e-02
1.939e-01
4.529e-02
-5.628e-02
2.201e-02
4.696e-02
-3.983e-02
-9.810e-02
6.033e-03
2.253e-02
2.438e-02
-2.701e-02
8.277e-02
3.161e-02
3.089e-03
1.787e-02
-1.074e-02
6.059e-02
4.618e-02
3.387e-02
-1.617e-01
-1.792e-02
-5.811e-03
9.057e-02
8.012e-02
2.061e-02
1.848e-02
-1.565e-01
-2.060e-02
-6.201e-02
2.204e-02
-1.374e-02
1.701e-02
2.446e-03
-1.503e-02
-3.784e-02
-1.269e-02
1.815e-02
2.474e-02
1.972e-02
-3.065e-01
3.491e-02
-2.618e-02
-4.324e-02
4.630e-03
4.648e-02
-1.923e-02
3.246e-03
1.846e-02
4.211e-02
-8.189e-03
1.183e-03
-9.260e-03
1.598e-02
2.096e-04
6.064e-02
7.723e-01
-4.047e-02
-1.284e-02
5.697e-02
-2.172e-02
2.279e-02
1.207e-02
2.218e-02
5.724e-03
-2.821e-02
2.639e-02
2.909e-02
-4.423e-02
2.564e-02
-1.485e-02
1.081e-03
-1.067e-03
-7.649e-02
4.254e-03
1.153e-02
4.456e-02
-3.608e-02
7.880e-02
-1.008e-01
5.023e-03
-9.501e-03
-2.152e-01
-3.790e-03
-1.020e-01
5.857e-02
-1.075e-01
6.882e-02
-3.294e-01
8.863e-02
6.173e-02
-6.732e-03
1.169e-01
8.661e-02
-9.392e-03
-2.028e-01
2.207e-02
-9.757e-02
-9.942e-02
5.398e-02
3.852e-02
1.927e-02
8.759e-06
-1.186e-02
-2.826e-02
-4.620e-03
-8.619e-02
4.453e-03
-2.035e-02
-1.678e-02
-4.322e-02
-2.357e-01
-4.917e-02
-1.431e-03
-2.097e-02
2.095e-01
3.094e-01
3.091e-02
-2.722e-02
-2.854e-02
-1.210e-02
-4.141e-02
-1.029e-03
-2.757e-02
-3.033e-02
7.593e-03
-3.523e-02
9.762e-02
8.515e-03
-4.121e-02
1.070e-01
-1.218e-01
1.177e-01
3.915e-02
-3.535e-01
-1.448e-01
1.570e-02
1.333e-01
1.106e-01
-6.502e-03
2.733e-01
-9.016e-02
-1.367e-02
-9.909e-02
1.741e-01
9.279e-02
3.073e-01
-1.709e-02
2.398e-01
-5.253e-02
1.522e-01
-2.293e-02
5.166e-02
2.157e-03
1.445e-02
2.130e-02
-3.107e-01
7.603e-02
9.385e-02
-1.245e-01
-6.927e-02
-2.699e-02
-2.922e-01
1.720e-01
-6.341e-03
-1.865e-02
3.634e-03
4.258e-02
-1.085e-01
1.547e-01
-2.245e-01
-1.106e-01
1.342e-01
2.499e-01
6.566e-02
2.674e-02
-6.753e-02
-1.206e-01
-1.748e-01
4.379e-03
5.777e-02
-4.454e-02
9.719e-02
-5.582e-02
-4.559e-02
-2.554e-02
1.218e-01
3.713e-02
9.925e-02
-1.107e-01
-5.225e-02
2.527e-01
-6.999e-02
4.416e-02
-1.594e-01
-7.605e-02
1.316e-02
1.460e-01
4.955e-02
-4.062e-02
-2.710e-01
5.082e-02
-1.818e-01
-1.003e-01
-4.009e-02
-9.875e-03
-4.851e-02
-6.047e-02
-3.884e-02
-5.459e-02
-7.069e-02
-1.211e-01
1.124e-01
1.424e-01
8.667e-03
1.668e-02
-1.461e-01
1.713e-01
5.297e-02
-3.816e-02
9.395e-02
-3.721e-02
-2.182e-01
7.584e-02
-7.269e-02
2.586e-02
4.886e-02
7.654e-02
5.049e-02
-4.183e-03
1.218e-01
1.510e-01
1.041e-01
-5.236e-02
3.644e-02
-4.157e-02
8.553e-02
1.772e-02
2.628e-02
5.878e-02
8.802e-02
1.723e-01
2.949e-02
-1.210e-02
-5.539e-02
6.823e-02
-3.761e-02
6.791e-02
-6.222e-03
-2.911e-02
8.710e-02
1.415e-02
-5.531e-02
6.844e-02
-1.096e-02
2.021e-02
-2.093e-02
-6.857e-02
-1.308e-01
1.024e-01
-3.594e-03
1.216e-01
1.324e-01
2.447e-02
9.014e-05
-9.222e-02
1.279e-01
3.404e-02
-1.502e-01
-1.264e-01
4.166e-02
1.734e-02
3.130e-02
-1.690e-02
-2.084e-02
-1.569e-02
9.089e-01
-4.683e-01
1.437e-02
-2.309e-02
-4.201e-03
-1.087e-01
1.417e-02
-4.107e-03
-7.747e-04
5.926e-02
-1.687e-02
-1.732e-02
7.836e-02
1.843e-01
5.913e-03
-6.355e-02
1.585e-03
2.969e-02
-3.098e-02
3.544e-02
-3.718e-02
5.165e-03
4.540e-03
-1.414e-02
3.258e-02
-3.120e-02
1.444e-02
4.564e-03
4.387e-02
-3.981e-02
3.482e-03
5.043e-02
-1.020e-01
-2.701e-03
-9.044e-04
-4.683e-03
1.113e-01
1.275e-02
4.046e-03
-3.304e-02
-2.080e-02
2.591e-02
9.554e-03
1.538e-02
4.616e-02
-3.054e-02
3.783e-03
-3.056e-02
1.060e-02
1.607e-02
4.742e-02
-2.908e-03
-3.444e-01
-6.688e-04
-2.380e-02
-2.750e-02
1.313e-02
1.887e-02
-7.407e-03
-5.730e-03
1.533e-02
1.453e-02
1.927e-02
-3.860e-03
1.596e-03
-5.293e-03
-1.136e-02
1.419e-02
7.946e-01
-2.487e-02
6.083e-03
1.722e-02
-3.527e-04
4.638e-02
2.626e-02
1.049e-02
2.800e-03
-5.655e-02
-4.194e-03
-5.942e-03
1.798e-03
1.387e-02
6.699e-03
2.619e-02
-2.017e-02
-5.952e-02
2.913e-03
6.796e-03
1.129e-02
-2.473e-02
5.864e-02
-7.725e-02
-1.424e-02
-1.497e-02
-1.979e-01
1.414e-02
-1.039e-01
7.027e-02
-9.586e-02
5.393e-02
-3.395e-01
7.713e-02
3.175e-02
-4.279e-02
1.278e-01
1.171e-01
1.108e-02
-1.721e-01
4.944e-02
-9.543e-02
-6.191e-02
9.371e-02
7.165e-03
1.517e-02
-1.894e-02
-6.589e-03
-3.534e-02
5.587e-02
-7.274e-02
1.027e-02
4.805e-02
-2.902e-02
-4.080e-02
-2.518e-01
-4.982e-02
-3.911e-02
5.002e-02
1.422e-01
2.111e-01
2.990e-02
-1.420e-03
-1.650e-02
-2.911e-03
-7.296e-02
7.398e-03
-5.487e-02
-5.524e-02
6.621e-03
1.230e-01
-7.606e-02
2.101e-03
5.649e-03
1.713e-01
-2.906e-01
1.064e-01
1.828e-01
1.456e-01
5.035e-02
-2.046e-02
-1.274e-03
-1.560e-01
6.890e-02
1.713e-01
-1.216e-01
-1.110e-01
-9.553e-02
-1.242e-01
-1.092e-01
5.986e-02
4.752e-02
2.629e-01
-1.991e-01
-4.026e-02
7.704e-03
-1.417e-01
4.447e-02
-1.136e-01
4.729e-02
-1.169e-01
-8.517e-02
4.039e-03
-1.102e-01
-1.429e-02
8.573e-02
-5.650e-02
2.535e-02
-1.189e-01
-1.205e-01
-5.624e-02
-5.648e-02
-4.977e-02
-1.153e-01
7.775e-02
4.245e-02
1.172e-01
-2.040e-01
1.273e-03
-1.654e-02
-7.422e-02
-9.575e-02
-1.081e-01
-8.471e-03
1.474e-02
2.830e-02
4.844e-02
-2.490e-02
-2.621e-03
4.915e-02
5.119e-02
2.604e-03
2.684e-02
1.308e-03
-8.645e-03
7.697e-02
-5.591e-03
2.471e-02
-6.732e-02
-7.137e-02
3.142e-02
6.754e-02
-1.223e-02
-1.689e-02
-2.291e-01
-2.912e-02
-8.903e-02
-3.487e-02
-4.436e-02
-4.497e-02
6.609e-02
-5.435e-02
-7.539e-02
3.527e-03
-2.554e-02
-8.236e-02
5.277e-02
2.557e-02
-5.108e-02
-1.049e-02
-8.846e-02
6.959e-02
9.807e-02
-5.702e-04
2.178e-02
-3.416e-02
-1.996e-01
8.162e-02
-8.930e-02
-9.492e-02
-3.621e-02
1.769e-02
7.260e-02
6.805e-02
1.536e-01
1.822e-01
5.607e-02
-1.262e-02
1.102e-01
-9.425e-02
1.239e-02
-1.472e-01
1.691e-01
-2.550e-02
-4.042e-02
-1.684e-02
-7.647e-03
-5.664e-04
1.739e-02
3.127e-02
-1.769e-01
8.644e-03
-3.527e-02
-6.401e-02
-3.175e-02
1.726e-01
-8.411e-02
-8.633e-02
5.831e-02
1.215e-01
1.223e-01
-2.274e-02
1.990e-02
-1.078e-01
1.167e-03
1.785e-01
9.615e-02
-3.479e-02
2.266e-02
-1.149e-01
1.762e-01
-1.371e-02
-2.041e-01
-2.374e-01
-3.435e-02
9.743e-03
4.125e-02
-2.994e-03
6.893e-03
-4.863e-03
9.078e-01
-3.871e-01
2.810e-02
-1.080e-02
-1.370e-02
-4.730e-02
7.640e-03
-9.598e-03
1.337e-02
2.403e-02
2.775e-03
-2.071e-02
6.647e-02
1.846e-01
4.510e-03
-4.014e-02
-1.226e-03
5.700e-02
-2.553e-02
-8.868e-03
-5.074e-02
-2.672e-03
2.499e-02
-7.520e-02
4.291e-02
-2.627e-02
1.385e-02
1.426e-02
3.702e-02
-6.478e-03
2.681e-02
1.974e-02
-1.565e-01
-2.155e-02
8.267e-03
1.593e-02
1.113e-01
7.147e-03
9.292e-03
-3.884e-02
-1.389e-02
-1.255e-03
6.392e-03
3.850e-02
5.911e-02
-9.124e-02
1.149e-02
5.234e-03
1.314e-02
6.347e-03
3.199e-02
1.655e-02
-2.374e-01
5.705e-03
2.799e-03
2.461e-03
-1.865e-02
6.889e-03
-2.776e-02
-4.981e-02
2.175e-02
8.563e-02
1.681e-02
3.621e-02
-5.616e-02
2.031e-02
-7.583e-03
7.945e-02
7.038e-01
-3.076e-02
1.739e-02
-4.284e-02
1.374e-02
2.875e-02
7.723e-03
-2.510e-02
-9.084e-02
-6.100e-02
-9.658e-04
3.303e-02
-1.871e-02
-2.905e-02
3.078e-02
-2.686e-02
4.681e-02
-3.741e-02
-2.076e-02
-2.924e-02
1.211e-02
1.419e-02
5.941e-02
-7.399e-02
-9.689e-03
-1.047e-02
-1.574e-01
7.149e-04
-9.862e-02
6.846e-02
-7.592e-02
8.700e-02
-2.855e-01
8.242e-02
2.533e-02
-4.301e-02
7.249e-02
1.071e-01
-1.364e-02
-1.825e-01
3.512e-02
-5.020e-02
-3.391e-02
8.676e-02
3.480e-02
2.801e-02
-1.483e-02
2.726e-04
-4.964e-02
4.156e-02
-4.562e-02
2.350e-02
3.571e-02
-2.318e-02
-3.308e-02
-2.364e-01
-6.293e-02
-6.356e-03
4.655e-02
1.109e-01
1.873e-01
3.698e-02
-1.004e-02
-2.956e-02
-2.946e-02
-5.079e-02
-1.603e-02
-5.749e-02
-2.207e-02
-1.747e-02
-1.011e-02
7.617e-02
3.051e-02
1.010e-02
1.039e-01
-1.021e-01
1.363e-01
-1.104e-02
-3.022e-01
-7.619e-02
-1.355e-02
1.054e-01
1.068e-01
-2.264e-02
2.401e-01
-9.066e-02
2.057e-02
-1.103e-01
1.563e-01
5.379e-02
3.153e-01
8.175e-03
2.096e-01
-2.043e-02
1.167e-01
-2.515e-02
6.038e-02
-2.132e-04
-7.491e-03
7.712e-03
-3.071e-01
6.791e-02
8.753e-02
-1.246e-01
-1.045e-01
-1.922e-02
-2.458e-01
1.455e-01
1.882e-03
-2.260e-03
-1.617e-02
5.582e-02
-1.048e-01
1.596e-01
-2.209e-01
-1.014e-01
1.317e-01
1.686e-01
7.046e-02
3.948e-02
-6.943e-02
-3.917e-02
-3.894e-02
6.605e-02
1.331e-01
-1.152e-01
1.199e-01
-1.316e-01
-3.250e-02
-8.048e-02
1.426e-01
-1.568e-02
7.916e-02
-2.236e-02
-1.280e-02
2.741e-01
1.933e-02
8.080e-02
2.699e-03
3.675e-03
2.609e-02
1.820e-02
1.542e-02
-1.066e-01
-2.379e-01
8.443e-02
-1.363e-01
4.537e-02
-1.010e-01
7.202e-02
-6.950e-02
-6.292e-02
-2.097e-02
6.871e-02
-1.892e-01
-1.225e-01
7.849e-02
2.178e-01
8.338e-02
8.511e-03
-1.311e-01
1.642e-01
-1.348e-02
-9.956e-02
5.025e-02
-1.652e-02
8.883e-03
2.387e-04
8.281e-02
2.280e-02
7.636e-04
1.131e-01
-3.031e-02
2.260e-02
-1.637e-02
2.423e-02
-5.762e-03
1.374e-02
3.214e-02
-2.472e-02
-3.075e-02
-5.770e-01
2.460e-01
2.659e-03
4.875e-02
-4.901e-03
2.985e-02
-6.550e-05
5.110e-03
2.638e-02
-6.718e-02
-4.000e-03
9.436e-02
-2.230e-02
7.733e-02
5.690e-02
-1.616e-02
-3.612e-01
4.947e-02
3.652e-02
-3.030e-02
1.185e-02
3.127e-02
-1.664e-02
1.369e-01
-1.137e-02
2.562e-02
-3.304e-02
3.734e-02
2.789e-02
4.568e-02
-5.008e-02
2.231e-02
-3.483e-02
-9.839e-02
9.779e-03
4.861e-02
9.539e-03
1.891e-02
3.114e-02
8.565e-01
-1.606e-01
6.262e-03
4.525e-02
4.292e-04
-2.577e-03
1.380e-02
-4.765e-02
4.872e-02
3.832e-02
1.704e-03
-2.992e-02
1.302e-02
1.343e-01
1.790e-02
-2.225e-02
-4.411e-04
3.353e-02
-1.640e-02
-5.398e-02
-2.195e-02
-3.562e-03
1.962e-02
-6.027e-02
3.731e-02
-1.602e-02
2.465e-03
1.548e-02
1.565e-02
3.592e-02
3.884e-02
-1.149e-02
-8.128e-02
-1.923e-03
3.626e-03
4.308e-02
-4.051e-02
-1.920e-02
1.705e-02
-4.428e-02
-3.089e-02
-2.006e-02
