-1.325e-02
3.857e-02
3.002e-02
-9.656e-02
5.114e-03
2.192e-02
2.826e-02
2.299e-02
6.264e-02
2.018e-02
-3.709e-01
2.904e-02
-1.776e-02
-1.157e-01
9.326e-03
2.765e-02
-1.822e-02
-3.031e-02
2.834e-02
6.034e-02
1.800e-02
-2.662e-03
-5.580e-02
-2.225e-02
-2.641e-02
8.341e-02
9.805e-01
-4.847e-02
2.078e-02
8.371e-03
-1.937e-02
5.515e-02
6.266e-02
-2.319e-02
-5.303e-03
-1.346e-01
3.181e-02
2.392e-02
-1.064e-01
-2.719e-02
1.372e-02
7.259e-02
2.036e-02
-1.343e-01
1.631e-02
-1.640e-02
5.587e-02
-1.825e-02
-2.367e-02
-1.384e-01
-2.169e-02
-4.675e-02
-2.185e-01
-3.154e-02
-1.438e-01
1.143e-01
-1.786e-01
1.018e-02
-3.632e-01
1.861e-01
4.512e-02
-2.272e-04
1.638e-01
6.337e-02
1.925e-02
-1.753e-01
2.448e-03
-1.106e-01
-9.122e-02
1.176e-01
8.138e-02
-1.373e-02
6.938e-03
-1.410e-01
-4.759e-02
4.420e-03
-8.160e-02
-1.018e-02
-4.243e-03
-8.757e-02
-6.103e-02
-2.150e-01
8.764e-03
-3.487e-02
-4.562e-02
3.793e-01
3.933e-01
6.895e-02
1.689e-02
-1.286e-02
-2.129e-02
-7.525e-02
-3.135e-02
-2.620e-03
-1.477e-02
4.251e-02
-1.324e-02
1.216e-01
3.921e-02
5.374e-02
1.226e-01
-8.590e-02
1.740e-01
-5.386e-02
-4.718e-01
-1.155e-01
-5.800e-02
1.305e-01
1.977e-01
-5.882e-02
3.293e-01
-1.398e-01
5.879e-02
-1.376e-01
2.761e-01
9.743e-02
4.732e-01
4.688e-02
2.466e-01
-2.501e-02
1.852e-01
-7.028e-02
1.214e-01
1.464e-02
3.422e-02
2.440e-02
-4.796e-01
1.332e-01
1.261e-01
-1.662e-01
-1.843e-01
-5.970e-02
-3.616e-01
2.294e-01
-4.627e-03
3.414e-02
-2.318e-02
1.234e-01
-1.239e-01
2.507e-01
-3.362e-01
-1.814e-01
2.220e-01
2.485e-01
-1.639e-01
-1.380e-01
-1.187e-01
-8.862e-02
-7.718e-03
-6.848e-02
-9.042e-02
2.171e-01
-1.245e-02
6.599e-02
1.518e-01
2.269e-01
-1.185e-01
-9.238e-02
-9.401e-02
3.081e-01
5.711e-02
-3.029e-01
1.659e-01
-6.003e-02
1.586e-01
-1.023e-01
1.138e-01
-9.083e-02
-2.668e-01
7.170e-02
-2.797e-01
-1.885e-01
9.464e-02
1.781e-01
-9.965e-02
-1.478e-01
3.974e-01
-7.294e-02
-1.848e-01
1.132e-01
7.942e-02
-1.078e-01
-6.005e-02
-2.161e-01
-2.525e-01
-8.772e-02
1.047e-02
-1.086e-01
2.509e-01
5.824e-02
-1.863e-01
-9.529e-02
3.030e-01
-8.072e-02
-8.593e-02
-3.992e-02
2.716e-02
4.879e-02
-4.962e-02
1.485e-02
-9.473e-02
8.098e-03
-1.477e-01
-1.145e-01
2.895e-02
1.911e-01
1.232e-01
-3.170e-01
-2.010e-01
-1.053e-01
-1.023e-01
7.393e-03
1.275e-01
3.682e-03
1.589e-02
-5.283e-02
1.944e-01
-4.194e-03
2.629e-02
1.480e-02
9.609e-02
8.932e-02
-6.280e-03
-2.519e-03
-1.891e-02
6.195e-02
1.655e-03
-5.830e-04
-8.046e-02
-5.636e-02
-2.412e-02
-2.851e-01
-1.340e-01
2.218e-01
1.056e-01
-8.501e-02
-3.184e-01
-2.785e-01
7.252e-02
2.213e-01
6.052e-02
1.896e-02
-1.986e-03
6.087e-03
1.441e-02
-3.074e-02
9.561e-01
-6.217e-01
7.156e-03
-4.379e-02
8.998e-04
-1.042e-01
2.718e-02
1.093e-02
-4.062e-02
7.451e-02
-1.743e-02
1.851e-02
1.398e-01
2.176e-01
-2.444e-02
-6.400e-02
-5.256e-03
5.457e-02
-3.141e-02
7.853e-02
-1.114e-01
-1.364e-02
3.518e-02
-9.869e-03
5.199e-03
-4.400e-02
2.983e-02
2.982e-03
6.201e-02
-7.809e-02
-1.764e-03
3.244e-02
-2.022e-01
-1.455e-02
3.370e-04
-3.455e-02
2.969e-01
1.851e-02
8.915e-03
1.069e-02
-1.903e-02
3.359e-02
7.438e-02
-4.694e-02
1.589e-01
1.437e-01
9.473e-03
-1.312e-01
-3.034e-02
-6.465e-03
4.201e-02
-9.328e-02
-2.336e-01
-9.350e-02
-4.495e-02
2.263e-01
5.407e-02
-2.155e-02
2.670e-02
7.340e-02
-1.117e-02
-1.418e-01
3.391e-02
-3.282e-02
1.937e-01
3.271e-02
2.080e-02
-2.184e-01
4.304e-01
4.986e-02
-2.829e-02
4.890e-02
7.741e-02
4.659e-02
-6.573e-02
1.277e-01
4.310e-02
1.925e-01
-1.233e-01
-1.245e-01
3.552e-01
1.030e-01
-1.371e-02
-1.074e-01
-1.648e-01
1.630e-01
-3.364e-02
8.270e-02
-1.500e-01
-4.789e-02
2.442e-01
8.098e-02
4.141e-02
5.682e-02
-1.527e-01
1.308e-01
-2.351e-02
-2.415e-02
9.652e-02
1.332e-01
-3.863e-01
-1.213e-01
-8.764e-03
-1.583e-01
1.460e-01
2.678e-01
-6.684e-03
-1.287e-01
2.057e-01
-9.513e-02
1.627e-02
7.989e-02
-2.199e-01
8.146e-02
-1.328e-01
3.327e-01
-2.061e-03
2.692e-01
-5.847e-02
2.987e-02
2.410e-01
1.122e-01
-1.075e-02
-3.707e-01
-1.806e-01
-3.437e-02
3.019e-01
-4.378e-01
-2.388e-01
-3.390e-02
-1.461e-02
2.231e-02
2.014e-02
-1.624e-01
1.117e-01
-1.908e-01
-1.645e-01
-7.745e-02
-1.821e-01
1.058e-01
-8.624e-02
-3.650e-01
1.816e-02
-1.423e-01
-6.191e-02
2.648e-01
-2.199e-01
-3.311e-01
2.706e-01
2.089e-01
-3.934e-02
1.230e-01
1.327e-01
9.199e-02
-1.990e-01
3.040e-02
-1.049e-02
1.737e-01
-1.125e-01
-2.588e-01
1.945e-01
-6.165e-02
1.336e-01
1.247e-01
-8.063e-02
-5.683e-02
1.437e-02
-5.805e-03
1.501e-01
-2.949e-02
2.783e-02
1.321e-02
2.723e-01
2.452e-02
-1.777e-01
4.952e-02
5.306e-02
-1.386e-01
1.243e-01
-1.705e-01
-8.970e-02
-2.024e-02
-5.534e-03
4.526e-02
-1.490e-01
4.757e-01
1.284e-01
7.797e-02
-6.666e-02
-1.252e-01
-2.287e-01
4.345e-03
8.987e-02
-1.029e-01
1.582e-01
-8.133e-02
-6.223e-02
-6.893e-02
1.811e-01
3.919e-02
1.667e-01
-1.905e-01
-8.793e-02
3.836e-01
-9.737e-02
4.080e-02
-2.132e-01
-8.952e-02
3.877e-03
1.956e-01
7.389e-02
-4.726e-02
-3.181e-01
1.321e-01
-2.473e-01
-1.470e-01
-3.673e-02
8.199e-03
-1.233e-01
-8.311e-02
-8.152e-03
-1.174e-01
-1.159e-01
-1.735e-01
1.551e-01
2.215e-01
3.820e-02
2.160e-02
-1.971e-01
2.607e-01
1.610e-02
-7.870e-02
1.375e-01
-4.081e-02
-3.429e-01
1.400e-01
-1.614e-01
-1.766e-01
-8.653e-02
-4.129e-02
1.286e-01
1.165e-01
2.568e-01
2.706e-01
1.000e-01
5.593e-03
1.699e-01
-1.705e-01
-8.398e-03
1.565e-02
2.226e-01
-4.051e-02
-9.387e-02
-7.466e-02
-5.219e-02
-1.166e-03
4.961e-02
3.607e-02
-3.130e-01
2.498e-03
-9.696e-02
-1.011e-01
-1.195e-01
2.663e-01
-1.268e-01
-2.680e-02
1.011e-01
1.925e-01
2.304e-01
-2.281e-02
6.939e-02
-2.098e-01
-4.162e-02
3.286e-01
1.435e-01
-8.574e-02
1.563e-02
-1.771e-01
3.069e-01
2.249e-02
-3.310e-01
-4.075e-01
1.400e-03
-3.480e-02
1.603e-01
-3.146e-02
-6.195e-02
7.230e-02
8.651e-01
-2.168e-01
1.045e-01
6.238e-02
-1.015e-01
5.637e-02
-7.320e-02
-3.940e-02
2.020e-01
8.699e-02
-1.988e-02
-1.950e-01
-1.522e-01
1.758e-01
9.852e-02
-5.039e-02
4.282e-02
4.115e-02
-4.626e-02
-2.329e-01
9.566e-02
5.014e-02
1.613e-02
-4.010e-02
1.420e-01
8.933e-02
-1.732e-02
2.924e-02
-6.627e-02
1.664e-01
8.278e-02
3.496e-02
-1.308e-01
-2.049e-02
-1.050e-02
1.861e-01
-8.536e-02
2.221e-02
2.577e-02
-2.841e-01
-2.180e-02
-1.350e-01
8.650e-02
-1.544e-01
-1.706e-01
1.890e-01
-1.071e-01
-1.422e-01
-1.313e-01
2.703e-02
-1.192e-01
1.330e-01
-1.660e-01
1.850e-01
-3.518e-02
-7.570e-02
-6.127e-02
1.784e-01
-6.924e-02
4.383e-02
1.566e-02
1.682e-01
-1.383e-01
4.856e-02
-6.040e-02
1.264e-01
6.804e-02
2.683e-01
4.259e-01
-1.056e-01
-1.092e-01
2.272e-01
-1.303e-01
-1.093e-01
-7.753e-02
6.625e-02
4.509e-03
1.021e-01
1.605e-01
2.025e-01
-2.429e-01
1.231e-01
-1.112e-01
-1.271e-01
9.386e-02
-1.273e-01
2.580e-03
3.230e-02
2.046e-01
-8.351e-02
2.917e-01
-9.636e-02
6.464e-02
6.409e-02
-2.435e-01
-1.020e-03
-2.220e-02
-6.156e-02
-1.451e-02
2.091e-01
-1.914e-01
-8.164e-02
1.557e-01
6.598e-02
-4.483e-02
4.704e-02
-9.881e-02
-3.326e-01
-3.004e-02
-5.919e-02
-1.953e-01
-1.569e-01
6.513e-02
8.238e-02
5.992e-02
1.732e-01
1.496e-02
-1.996e-01
-1.172e-01
3.373e-02
-2.294e-01
1.213e-01
-8.468e-03
-2.166e-01
-1.463e-01
1.212e-01
-1.428e-01
8.471e-02
3.873e-01
-4.602e-02
-1.701e-01
-1.076e-01
-3.614e-03
1.362e-01
2.295e-02
-4.279e-03
4.004e-03
-4.741e-02
1.639e-01
-1.171e-01
3.729e-03
2.250e-02
2.089e-01
-3.596e-01
1.236e-01
2.114e-01
2.597e-01
9.678e-02
-4.281e-02
-3.774e-02
-2.079e-01
8.386e-02
1.821e-01
-1.565e-01
-1.235e-01
-1.199e-01
-1.759e-01
-1.523e-01
4.450e-02
8.626e-02
3.015e-01
-2.514e-01
-6.691e-02
-1.923e-02
-1.724e-01
5.264e-02
-1.450e-01
6.579e-02
-1.284e-01
-1.148e-01
2.529e-03
-1.418e-01
-1.629e-02
1.051e-01
-2.512e-02
2.195e-02
-1.725e-01
-1.371e-01
-8.942e-02
-6.383e-02
-3.239e-02
-1.714e-01
1.164e-01
6.136e-02
1.520e-01
-3.181e-01
-1.572e-01
-1.808e-01
-1.699e-02
-1.211e-01
5.090e-02
8.605e-02
-2.204e-02
1.091e-01
-2.470e-01
3.082e-03
-1.389e-01
2.402e-02
-6.252e-02
1.661e-01
-2.004e-01
3.205e-02
9.831e-02
-1.275e-01
-1.243e-01
1.862e-01
-1.032e-01
5.620e-02
-2.830e-02
3.181e-02
2.169e-01
-1.153e-01
9.906e-02
-3.029e-01
9.756e-03
-5.415e-02
7.540e-04
6.045e-03
2.451e-02
1.264e-01
-1.104e-01
2.380e-01
1.071e-01
2.647e-01
-2.120e-02
-6.204e-02
7.471e-02
9.575e-02
6.940e-02
-1.994e-01
1.135e-01
1.640e-01
7.412e-02
5.522e-02
-2.491e-01
6.970e-02
-1.880e-02
1.559e-01
1.314e-01
1.502e-01
2.514e-02
-7.772e-02
8.658e-02
1.101e-01
1.562e-01
-7.359e-02
-3.923e-02
-1.304e-02
1.324e-01
8.512e-02
-4.227e-02
1.486e-01
2.308e-01
3.477e-01
5.734e-02
-2.155e-02
-1.302e-01
1.108e-01
7.575e-02
1.200e-01
3.982e-02
3.831e-03
2.048e-01
-1.465e-01
-2.365e-02
1.375e-01
-7.417e-02
-8.765e-02
-1.707e-01
-1.085e-01
-2.565e-01
3.143e-01
2.245e-02
8.242e-02
1.788e-01
4.916e-02
-2.977e-02
-4.456e-02
1.127e-01
1.025e-01
-8.974e-02
-3.273e-02
9.715e-03
7.652e-02
1.392e-02
-9.970e-02
-1.239e-01
-6.121e-02
7.570e-01
-1.123e-01
-6.846e-02
-4.060e-02
9.703e-02
-3.386e-01
6.793e-02
-2.550e-02
-8.299e-02
-4.318e-02
-1.058e-02
5.070e-02
1.006e-01
4.856e-02
2.190e-02
-7.831e-02
-2.070e-02
-9.454e-02
-9.635e-03
1.868e-01
1.209e-01
3.085e-02
-1.452e-01
2.421e-05
1.412e-02
-1.280e-01
-1.299e-02
-1.984e-02
1.040e-01
-1.334e-01
-7.423e-02
1.494e-01
3.764e-01
7.212e-02
5.830e-03
-1.156e-01
-4.566e-01
-2.465e-02
-4.503e-02
9.348e-02
-2.734e-02
1.967e-01
7.662e-03
4.817e-02
-1.343e-01
3.033e-02
1.422e-02
-2.939e-01
1.079e-02
1.230e-02
-7.270e-02
5.612e-03
-5.642e-01
-1.080e-01
-8.846e-03
1.315e-01
-8.612e-02
-5.455e-03
2.721e-02
-3.469e-02
-5.724e-02
-1.838e-02
5.108e-02
8.939e-02
-8.209e-03
3.148e-03
2.348e-02
-6.420e-02
-1.153e-01
2.067e-02
6.227e-03
-1.095e-01
-1.392e-02
-7.666e-03
-3.606e-02
-6.474e-02
-6.737e-02
-1.392e-01
-7.075e-02
-3.773e-03
9.271e-02
1.583e-01
5.897e-02
3.635e-02
-7.165e-03
5.408e-02
-2.685e-02
-1.533e-02
5.443e-04
1.797e-02
3.045e-03
-3.609e-02
-2.961e-01
-2.618e-02
-1.005e-01
5.408e-02
-4.579e-02
8.043e-02
-2.824e-02
1.010e-01
1.243e-01
-2.664e-01
-6.630e-02
-1.382e-01
-3.324e-01
1.422e-01
1.014e-01
-2.045e-01
-4.788e-02
9.099e-02
7.133e-02
7.175e-02
1.189e-01
4.065e-03
1.544e-01
-9.610e-02
-9.125e-02
-1.151e-01
2.414e-02
1.801e-01
2.619e-02
-1.043e-01
5.826e-02
-1.674e-01
-8.811e-02
-2.923e-01
2.551e-01
-6.916e-02
-1.537e-01
-1.149e-01
-2.727e-02
-1.951e-01
1.416e-01
2.491e-01
-1.799e-02
-1.205e-01
-1.043e-01
1.047e-04
1.058e-01
4.218e-03
3.613e-02
1.322e-01
-4.825e-03
6.382e-02
4.720e-02
1.900e-02
-1.491e-01
6.720e-02
-3.825e-02
5.938e-02
-2.976e-02
-2.311e-02
-1.049e-03
2.555e-02
-4.140e-02
4.675e-02
-2.932e-02
-1.016e-01
5.891e-02
-4.283e-02
-1.518e-02
3.526e-02
-1.014e-01
2.048e-01
-9.833e-02
7.655e-02
-4.077e-02
-5.858e-02
1.128e-02
-1.579e-02
-8.605e-02
1.081e-01
-1.201e-01
6.339e-02
-2.726e-02
-1.043e-01
1.397e-01
-6.244e-02
6.745e-02
-1.816e-02
-1.215e-01
5.835e-02
8.482e-02
2.381e-02
-4.358e-02
-5.925e-02
4.748e-02
5.284e-02
-3.836e-02
2.504e-02
-1.447e-02
1.513e-02
1.387e-02
2.777e-03
1.092e-02
-5.507e-02
-4.580e-02
8.756e-02
6.042e-02
-3.684e-02
-3.427e-02
-4.168e-02
5.128e-02
-7.759e-03
2.164e-02
4.276e-02
-3.196e-02
-2.581e-02
-1.942e-02
-9.861e-03
1.039e-01
-4.009e-02
-1.636e-02
-3.828e-02
-7.976e-03
-1.151e-01
2.901e-02
-3.707e-02
1.035e-02
-4.225e-02
-3.538e-02
1.153e-02
-4.309e-02
5.857e-02
-6.194e-03
-6.701e-02
2.399e-03
-2.970e-02
-3.822e-02
-1.513e-02
2.197e-02
2.450e-02
4.776e-02
7.451e-02
1.629e-02
-1.760e-02
1.319e-01
3.806e-02
2.034e-02
1.434e-01
-2.603e-02
8.582e-04
-2.375e-02
1.288e-02
-2.035e-02
1.771e-02
2.275e-02
-4.434e-02
-4.372e-02
-7.371e-01
3.200e-01
-6.881e-03
5.636e-02
-5.942e-03
3.308e-02
9.263e-03
-2.396e-02
2.860e-02
-5.258e-02
-1.631e-02
1.091e-01
-1.533e-02
8.362e-02
4.822e-02
-1.087e-02
-4.645e-01
2.026e-02
8.974e-03
-4.251e-02
5.824e-03
4.401e-02
1.544e-02
1.602e-01
-1.438e-02
3.324e-02
-5.843e-02
2.062e-02
5.426e-02
5.679e-02
-3.124e-02
1.686e-02
-2.342e-02
-3.483e-01
1.360e-02
5.877e-02
1.399e-02
7.201e-02
6.903e-03
8.348e-01
8.196e-02
3.324e-02
2.061e-02
7.713e-03
6.883e-02
1.691e-02
-3.805e-02
8.448e-03
-1.688e-01
8.441e-02
1.756e-02
5.443e-02
1.210e-01
-3.220e-03
4.461e-02
-2.758e-02
1.046e-01
8.124e-03
-8.375e-02
-4.254e-02
-2.628e-02
3.289e-02
-3.089e-01
6.349e-02
-6.625e-02
1.608e-03
3.850e-02
5.048e-02
5.918e-02
7.376e-02
-5.312e-02
-1.398e-01
-5.864e-02
4.909e-02
2.416e-02
-1.422e-01
-3.426e-02
4.171e-03
2.589e-02
1.057e-02
-9.890e-03
4.213e-02
9.193e-02
2.679e-01
-2.669e-01
5.074e-02
1.809e-01
-5.784e-03
-5.707e-02
-7.920e-03
3.536e-02
4.315e-01
-4.859e-03
1.096e-01
2.974e-01
-1.080e-01
-7.632e-02
-1.091e-01
-1.911e-01
5.432e-02
3.138e-01
7.887e-03
1.769e-01
-1.794e-01
1.697e-01
2.443e-02
2.328e-01
2.658e-01
-1.379e-02
4.565e-02
-2.694e-01
1.480e-01
-3.786e-02
-1.337e-01
-8.131e-02
-4.880e-01
1.379e-01
-5.986e-02
1.249e-01
1.344e-01
-2.111e-01
1.154e-01
-3.891e-01
2.504e-01
2.094e-01
-1.542e-01
-1.363e-01
-1.091e-01
1.705e-01
-1.305e-02
-3.497e-02
9.921e-02
-3.435e-03
1.550e-01
-9.858e-02
-1.123e-01
1.080e-01
3.608e-02
2.582e-01
-1.200e-01
3.147e-01
-5.770e-02
-7.916e-02
-9.607e-02
7.313e-02
-1.878e-01
-1.628e-01
1.970e-02
2.167e-01
2.154e-01
1.699e-01
1.526e-01
1.063e-01
-1.035e-01
3.516e-02
-1.636e-01
1.533e-01
1.564e-01
5.314e-02
1.152e-01
-1.018e-02
-2.333e-02
-1.796e-01
-1.169e-01
2.655e-01
7.206e-02
-9.498e-02
-7.498e-03
1.803e-01
1.856e-02
-1.206e-02
-2.910e-01
-1.191e-01
-1.869e-01
-9.598e-02
2.143e-01
-1.869e-01
-1.380e-01
-3.471e-02
1.286e-01
-8.167e-02
3.306e-02
-5.765e-02
1.674e-01
-3.041e-01
2.220e-01
2.061e-01
1.051e-01
-1.158e-02
4.256e-02
-1.636e-02
-7.631e-02
7.760e-02
2.177e-01
-2.173e-01
-6.591e-02
-3.603e-02
7.750e-02
-5.176e-02
3.864e-02
3.182e-01
-2.490e-02
-8.911e-02
1.835e-01
-2.315e-01
-1.965e-01
-1.268e-01
7.555e-02
-6.409e-02
1.340e-01
-1.783e-01
5.423e-02
3.131e-02
1.761e-01
-3.744e-02
6.236e-02
9.054e-02
-1.354e-01
-2.965e-02
-2.357e-02
1.148e-01
-2.567e-01
7.935e-02
-1.596e-01
-2.951e-02
1.565e-02
1.188e-03
-8.412e-02
1.200e-01
3.137e-01
2.227e-01
3.054e-01
-2.466e-01
1.332e-01
-2.968e-01
1.504e-02
-2.154e-01
1.497e-01
-1.208e-01
-4.434e-03
2.667e-01
9.265e-02
2.739e-01
2.405e-01
1.837e-01
4.283e-01
2.078e-01
7.936e-02
-3.070e-01
-1.112e-01
-2.712e-01
-1.846e-01
1.052e-01
-8.446e-03
4.738e-01
-2.842e-01
2.730e-01
-6.395e-02
-4.538e-02
-1.130e-02
4.358e-01
-4.485e-01
-1.235e-01
-1.392e-02
3.975e-01
2.481e-01
2.483e-03
-7.125e-02
1.077e-01
-1.310e-01
-2.298e-01
-9.072e-02
2.268e-03
-9.555e-02
1.403e-01
-1.038e-01
-1.015e-02
-1.599e-01
-3.986e-02
-1.096e-01
1.823e-01
-7.673e-03
3.451e-02
1.473e-01
7.976e-02
7.352e-02
3.480e-02
-5.674e-02
2.435e-01
-2.318e-03
1.434e-01
1.093e-01
-2.768e-02
-3.658e-02
-7.309e-02
2.309e-01
4.652e-02
-2.927e-01
7.536e-02
9.034e-02
-7.972e-02
6.209e-02
6.351e-02
-2.796e-02
5.040e-02
3.241e-01
2.036e-01
-2.003e-02
9.412e-02
2.827e-02
-2.249e-01
1.292e-01
6.989e-02
1.198e-02
7.780e-03
1.405e-01
-3.195e-02
1.030e-01
-9.293e-02
1.601e-01
-1.729e-01
4.429e-02
2.949e-02
-4.678e-02
1.005e-01
6.943e-02
1.536e-01
7.718e-01
6.928e-02
-1.749e-01
2.437e-01
9.929e-02
1.802e-02
9.443e-02
-1.802e-01
1.006e-01
4.114e-01
-1.220e-01
-4.690e-04
-6.786e-02
2.789e-03
1.355e-02
-5.051e-02
1.287e-02
-1.304e-01
-7.881e-03
-1.182e-02
-5.390e-02
-2.542e-02
2.466e-02
3.800e-01
-1.170e-01
2.624e-02
-4.311e-03
-2.599e-02
-4.626e-02
2.661e-02
-4.179e-03
-1.055e-01
1.613e-01
1.498e-01
-7.531e-02
5.182e-02
-1.309e-01
-1.019e-01
6.700e-02
1.289e-02
-1.585e-01
-3.148e-02
