9.520e-03
-2.118e-02
4.636e-02
3.159e-03
1.116e-02
4.110e-02
-6.520e-03
2.625e-03
7.195e-02
1.880e-03
3.086e-01
1.151e-01
2.868e-02
-4.006e-01
-1.098e+00
9.561e-01
-1.237e+00
-4.888e-01
1.444e+00
-4.929e-01
-1.185e+00
-1.254e+00
-2.086e+00
2.549e+00
1.997e+00
2.987e+00
2.086e+00
-5.143e-01
-5.689e-02
5.149e-01
7.387e-01
-5.798e-01
-7.402e-01
3.267e-01
3.765e-01
7.481e-01
2.609e-01
1.087e-02
-4.623e-01
2.406e-01
1.816e-01
-6.327e-01
-1.398e-01
-4.759e-01
-7.885e-01
1.704e-01
1.611e-01
1.656e-01
-8.924e-02
-5.235e-01
-7.601e-01
2.394e-02
-2.319e-02
-9.286e-01
-2.420e-01
5.097e-01
1.368e+00
-1.756e-01
2.602e-01
-3.258e+00
2.945e+00
1.925e+00
-1.486e+00
2.770e+00
2.052e+00
2.668e+00
3.848e-01
-7.245e-01
-2.070e+00
1.047e+00
5.731e+00
1.429e+00
4.540e-01
8.118e-01
-4.259e+00
-1.114e+00
6.826e-01
1.695e+00
5.087e-01
-1.485e+00
1.279e+00
6.324e-01
-7.735e-01
-1.009e-01
9.593e-01
-5.567e-01
-2.997e-01
8.010e-02
1.936e-01
-7.787e-01
-8.911e-01
-3.101e-03
6.390e-01
1.639e+00
-3.105e-01
1.374e+00
5.904e-01
-1.186e+00
6.467e-01
8.109e-01
2.055e+00
-1.341e+00
-1.086e+00
-3.410e-01
2.776e+00
2.659e+00
2.092e+00
4.208e-01
-9.947e-01
2.428e+00
-9.294e-01
2.119e-01
3.338e+00
9.520e-01
-2.931e+00
-1.148e+00
-1.369e-01
1.029e+00
2.167e+00
3.120e-01
6.781e+00
9.330e-02
7.964e-01
1.571e+00
5.907e-01
-9.382e-01
7.740e-01
-3.632e-01
-8.180e-01
2.669e-01
-1.056e+00
-7.698e-01
1.121e+00
-1.109e-01
-1.706e+00
2.029e+00
-3.802e-01
-1.179e+00
-1.605e-01
-1.466e+00
-3.953e-01
-6.967e-01
4.041e+00
-1.236e+00
2.077e-01
2.274e-01
5.605e-04
3.293e-01
3.997e-02
1.221e-01
4.208e-02
-5.037e-01
-2.521e-01
9.463e-01
6.008e-01
-1.946e+00
-3.365e-01
9.265e-01
-2.586e+00
-2.049e+00
7.749e-01
-1.880e+00
2.973e-01
4.452e+00
-1.037e+00
1.253e+00
-1.937e+00
2.603e+00
-9.587e-01
4.361e+00
-6.065e-01
1.639e+00
3.934e-01
7.620e-01
5.313e-01
1.966e-01
6.220e-01
-3.446e-01
-4.564e-01
1.490e+00
6.191e-01
6.767e-01
-7.951e-01
-1.465e+00
-4.174e-01
-9.773e-01
-1.049e+00
-7.879e-01
-1.349e+00
6.063e-02
-6.298e-01
-2.440e+00
6.103e-02
1.332e-01
3.346e-03
-1.093e-02
3.180e-02
6.532e-03
-3.660e-02
-3.989e-02
-1.106e-01
-9.710e-02
2.243e-01
2.566e-01
6.719e-01
5.507e-02
-4.994e-02
2.358e-02
-3.259e-01
-4.109e-02
-1.348e+00
1.037e+00
1.242e+00
-5.642e-02
7.621e-01
1.626e+00
-1.475e+00
7.121e-01
-5.850e-01
2.212e+00
5.015e-01
1.166e+00
-7.312e-01
-7.699e-01
9.464e-01
-4.785e-01
-1.352e+00
7.151e-01
-6.924e-01
-5.980e-01
7.016e-01
-4.944e-01
5.880e-01
1.751e+00
-4.217e-01
3.990e-02
-7.984e-01
1.297e-01
-2.711e-01
-1.025e+00
-5.065e-03
-1.308e-02
3.718e-02
1.092e-02
8.598e-03
-4.327e-02
3.042e-02
-6.612e-02
-3.142e-02
-3.642e-02
2.811e-02
3.914e-02
2.922e-02
2.110e-01
-1.262e-01
-7.694e-01
1.420e+00
-1.464e+00
-4.478e-01
4.384e-01
4.533e-01
1.936e+00
-1.899e+00
-3.395e+00
1.153e+00
2.799e+00
-2.286e-01
3.584e+00
-8.167e-01
-2.241e+00
-6.427e-01
-1.029e-01
-6.951e-01
1.464e+00
5.662e-01
1.251e-01
-1.023e+00
9.958e-01
-2.465e+00
-1.244e+00
1.446e-01
1.035e-01
6.375e-01
3.517e-01
2.706e-01
-7.004e-01
1.509e+00
7.731e-01
-2.210e-02
-1.883e-01
8.305e-02
1.297e-01
-3.587e-01
-1.089e-01
1.405e-01
5.322e-01
-3.696e-01
-5.912e-01
-7.265e-01
4.659e-01
1.745e+00
4.315e-01
-1.598e+00
-3.801e-01
-1.919e-01
-3.136e+00
1.407e+00
1.154e+00
1.089e+00
-1.435e+00
-7.463e-01
3.648e+00
9.484e-01
-1.130e+00
7.479e-01
-2.190e+00
-1.803e+00
4.952e-01
-2.159e-02
-2.540e+00
-1.343e+00
1.066e+00
1.035e+00
7.603e-01
1.076e+00
1.918e+00
-3.525e-01
-2.008e+00
7.224e-01
6.560e-01
-7.667e-01
9.080e-01
-1.068e+00
4.783e-01
-8.746e-01
3.837e-01
-6.359e-01
5.817e-01
6.323e-01
-9.630e-01
9.893e-01
-5.203e-01
-7.746e-01
-1.037e+00
-1.792e-01
1.677e+00
1.169e+00
4.826e-01
1.335e+00
3.111e+00
-1.265e+00
-1.519e-01
5.027e-01
2.671e+00
1.108e+00
2.223e-01
9.183e-01
4.178e-01
3.330e+00
3.418e-01
4.462e-01
1.604e-01
-4.123e+00
-7.115e-01
-5.366e-01
2.783e-01
-1.331e+00
2.440e-01
3.592e-01
-1.680e+00
-4.203e-01
5.717e-01
-3.424e-01
-5.445e-01
1.182e-01
4.148e-03
-2.384e+00
-5.672e-01
1.193e+00
5.233e-01
1.055e+00
8.448e-02
-1.366e+00
-2.162e+00
7.288e-01
-2.613e-01
6.903e-01
1.025e-01
1.482e+00
1.030e-02
-5.457e-01
7.476e-02
1.486e+00
5.749e-01
1.454e+00
-4.088e-01
2.202e-01
1.365e+00
-2.187e+00
1.082e+00
2.642e+00
1.698e-01
-9.777e-01
-3.704e-01
-2.156e+00
1.043e+00
2.518e+00
1.247e-01
5.111e+00
8.454e-01
1.277e+00
-6.236e-01
1.263e-01
-3.794e-01
-9.860e-01
1.024e+00
-8.407e-01
-9.769e-02
-4.422e-02
3.397e-01
-2.283e+00
5.882e-01
8.329e-01
-5.691e-01
-1.189e+00
-2.189e-01
-1.906e-01
1.099e+00
1.208e+00
-4.873e-01
6.648e-01
6.272e-01
1.421e-01
-3.758e-01
4.408e-01
1.815e-01
2.825e-01
2.072e-01
6.359e-01
-1.224e-01
5.430e-01
-4.252e-01
4.205e-02
-5.860e-01
-7.481e-01
-2.826e-01
-1.349e+00
-5.787e-01
-2.712e+00
-7.793e-01
-2.182e+00
4.679e-01
4.496e-01
4.399e-01
-2.509e+00
7.145e-01
-4.684e-01
2.298e+00
-5.835e-01
1.542e+00
-2.359e-01
7.387e-01
1.486e+00
-2.379e-01
1.472e+00
1.869e+00
2.936e-01
2.256e+00
7.616e-01
1.239e+00
5.901e-01
-8.423e-01
9.178e-01
-8.626e-01
4.532e-01
-1.062e+00
-1.580e+00
-1.241e+00
2.535e-01
-1.352e+00
3.353e-01
5.095e-02
3.595e-01
-1.936e-01
-5.055e-01
5.049e-01
7.365e-01
8.379e-01
-4.952e-01
1.333e+00
1.134e+00
2.979e-01
1.537e+00
-1.914e+00
-7.500e-01
-1.224e+00
-1.610e+00
2.414e+00
-7.652e-01
-3.492e-01
1.970e-01
1.223e+00
3.669e+00
7.170e-01
2.514e-01
7.467e-01
-5.300e-01
4.739e+00
1.618e+00
1.241e+00
-2.050e+00
3.851e-01
-2.151e+00
-1.449e+00
5.867e-01
1.655e+00
1.845e+00
-1.276e+00
1.989e+00
5.944e-01
1.807e+00
-1.947e+00
-2.318e+00
-6.383e-01
5.152e-01
-4.807e-01
1.461e+00
3.314e-01
8.029e-03
4.918e-01
2.501e-01
-4.535e-01
4.262e-01
2.548e-01
1.918e-01
5.705e-02
1.872e-01
-2.716e-01
5.186e-01
-1.032e-01
-1.577e-01
1.245e+00
1.108e+00
-1.728e+00
2.042e+00
-4.546e-01
-5.637e-01
-1.079e+00
1.558e+00
3.216e+00
-1.817e+00
-1.803e+00
1.437e+00
1.345e+00
2.200e-02
1.932e+00
-1.232e+00
-2.131e-01
1.207e-01
-2.895e-01
-3.249e-01
8.419e-01
2.377e-01
1.722e-01
4.256e-01
1.138e+00
-8.917e-01
4.108e-01
6.434e-01
7.258e-01
4.123e-01
-7.069e-01
-3.799e-01
-3.373e-01
4.294e-01
5.185e-01
1.216e-01
3.160e-02
-7.532e-02
3.129e-02
-7.977e-02
-8.226e-02
7.549e-02
1.462e-01
-1.178e-01
4.569e-01
-2.680e-01
3.217e-01
5.430e-01
2.643e-01
-3.476e-01
-8.209e-01
3.616e-01
-5.188e-01
7.249e-01
1.934e-03
4.621e-01
-5.709e-01
-1.486e+00
1.176e+00
2.954e-01
1.046e+00
1.734e+00
-9.188e-01
-7.956e-01
5.105e-01
6.297e-02
4.027e-02
-1.635e+00
-1.082e+00
1.995e+00
-7.752e-03
-3.518e-02
1.160e+00
2.247e-01
-8.092e-01
-6.987e-01
-2.528e-03
-7.982e-01
-2.140e-01
3.008e-01
1.129e+00
-1.758e-01
5.960e-01
6.233e-01
-2.174e-01
-4.202e-02
3.198e-01
1.151e+00
4.326e-01
-7.973e-01
4.984e-01
-4.999e-01
1.487e+00
2.070e+00
-1.170e+00
1.505e+00
1.429e+00
-9.000e-01
5.618e-01
-1.351e+00
1.605e+00
-8.416e-03
8.036e-01
-6.054e-01
7.224e-01
3.599e+00
9.085e-01
-6.816e-02
4.700e-01
-3.406e+00
-3.113e-01
1.706e-01
1.967e-01
-1.289e+00
-4.404e-02
3.795e-02
8.605e-02
-8.702e-01
1.218e+00
9.311e-01
9.342e-01
8.376e-01
-1.968e+00
7.598e-02
1.734e-01
-1.487e+00
-2.316e-01
4.155e-01
9.912e-01
-8.364e-01
2.417e-03
1.085e+00
-4.701e-01
-2.358e-01
7.998e-01
1.427e+00
7.724e-01
-1.520e+00
-5.133e-01
1.180e+00
1.894e-01
5.248e-01
-1.318e+00
-5.796e-01
1.287e+00
-4.604e-01
2.438e+00
2.101e-01
7.228e-03
-3.170e+00
1.228e-01
-3.192e-01
-5.864e-01
1.849e+00
1.624e-01
5.386e+00
2.314e-01
1.278e+00
3.848e-01
6.387e-01
8.484e-01
-2.632e-01
-4.152e-01
4.536e-01
-1.486e-01
-1.844e-01
-8.481e-01
2.581e-02
-3.502e-01
4.505e-02
1.501e-01
-4.280e-01
-6.954e-01
-3.684e-01
9.607e-02
-1.195e-01
6.085e-01
3.213e-02
-2.249e-01
-1.913e-02
3.342e-01
6.031e-01
1.872e-01
2.612e-01
-1.040e-01
3.731e-01
9.888e-02
-3.740e-02
-3.032e-01
7.763e-01
1.496e-01
1.720e-01
3.443e-01
-7.260e-01
-1.089e+00
-1.172e+00
-9.302e-01
-3.466e-01
-7.607e-02
2.156e-01
-5.891e-01
-3.830e-01
3.138e-01
-6.605e-01
3.378e+00
2.278e-01
1.946e+00
-1.116e+00
1.548e+00
-9.211e-01
4.472e-01
-1.438e-01
1.410e-01
-1.836e-01
9.968e-01
-3.690e-01
1.280e+00
-2.339e-01
3.228e-01
4.595e-01
-1.051e+00
4.613e-01
1.182e+00
-2.094e+00
-6.119e-01
2.285e+00
-1.293e+00
1.076e-01
-1.402e-01
3.468e-01
-7.777e-02
-7.430e-04
2.125e-01
-3.273e-01
-5.493e-02
-3.450e-01
3.212e-01
4.669e-01
3.620e-01
2.757e-01
1.675e-01
9.472e-02
-1.146e-01
-8.232e-01
1.365e-01
-1.307e+00
5.713e-01
-2.452e+00
-8.492e-02
2.932e-01
2.914e-01
-6.896e-02
5.485e-01
-2.337e-01
2.540e+00
-2.972e-01
9.080e-02
-1.648e+00
2.533e+00
-3.009e-01
-1.015e+00
-3.899e-01
1.220e+00
2.165e+00
-1.218e+00
3.312e-02
-1.371e+00
1.197e+00
-1.195e+00
-7.245e-01
1.632e+00
-7.432e-01
-4.788e-01
1.175e+00
-3.853e-01
-4.814e+00
-8.057e-02
9.708e-01
-2.768e+00
8.280e-01
1.906e-01
6.528e-01
-1.127e+00
-1.092e-01
-1.328e+00
1.481e+00
1.396e+00
1.617e-03
1.118e+00
2.616e+00
-1.181e+00
1.916e+00
-1.101e+00
-9.767e-01
-2.903e-01
1.106e+00
1.511e+00
-1.016e+00
6.370e-01
1.683e+00
-4.798e-01
1.927e+00
1.891e+00
-1.793e+00
6.379e-01
1.556e-01
-1.420e-01
-5.834e-01
1.340e+00
-2.581e-02
-4.048e-01
-1.078e-01
2.191e-01
-8.612e-01
-1.099e+00
2.164e-01
-2.285e-01
1.611e-01
-1.109e+00
7.765e-01
-1.472e+00
5.445e-01
7.156e-01
-9.527e-02
-2.400e-01
-1.276e-01
-1.018e-01
4.287e-01
1.229e-01
-3.995e-01
-2.228e-01
1.146e+00
7.602e-01
9.689e-01
2.823e-01
2.530e-01
-4.759e-01
-4.323e-02
9.183e-02
-1.579e+00
2.730e-01
-5.893e-01
1.780e+00
-5.507e-01
2.527e-01
-5.505e-01
2.815e+00
8.405e-01
-2.626e+00
7.864e-01
2.687e+00
-1.400e+00
5.040e-01
2.805e-01
3.229e-02
7.079e-02
4.301e-01
3.273e-01
1.931e-01
2.418e-01
6.542e-01
5.770e-01
5.636e-01
1.249e-01
2.907e-01
-3.036e-01
6.300e-02
-1.233e-01
-6.848e-01
-2.274e-01
6.812e-01
5.745e-01
1.109e+00
1.524e+00
-2.037e+00
7.156e-01
1.513e-01
-8.107e-01
-2.118e+00
1.490e+00
9.162e-01
1.669e+00
-8.214e-01
5.008e-01
-6.011e-01
-6.998e-01
8.776e-01
-2.357e-01
2.389e-01
1.334e+00
-1.023e+00
-1.151e+00
-8.788e-03
4.438e+00
4.313e-01
4.047e-01
6.682e-01
-5.253e+00
7.933e-01
-7.560e-01
-4.813e-01
-1.500e+00
-5.241e-01
5.925e-01
-8.632e-01
-2.100e-01
-5.838e-01
9.614e-01
-9.383e-01
-1.635e+00
-2.920e-01
7.082e-01
-5.834e-01
1.917e-01
-1.340e+00
2.694e+00
-3.928e-02
2.384e-01
6.234e-01
5.892e-01
-8.516e-01
5.337e-01
1.629e-01
9.245e-01
4.687e-01
-1.715e+00
-4.752e-01
6.473e-01
2.880e-01
2.180e-01
-8.857e-01
9.983e-01
1.397e+00
2.709e-01
2.485e+00
2.277e+00
9.451e-01
-1.373e+00
2.307e-01
-6.081e-01
6.121e-01
1.147e+00
7.693e-01
4.509e+00
2.574e-01
2.962e+00
8.970e-01
1.753e-01
-6.388e-01
4.335e-01
5.091e-02
1.205e+00
6.070e-01
2.690e-01
-5.379e-01
1.138e+00
4.481e-01
2.545e-01
-1.793e+00
-6.490e-01
5.492e-01
2.516e-01
1.166e+00
1.931e+00
-5.740e-01
2.334e-01
5.787e-01
-9.306e-01
8.238e-01
4.583e-01
-5.127e-01
3.337e-01
1.837e-01
3.046e-01
-1.461e+00
6.015e-01
-8.078e-01
6.068e-01
-8.582e-01
-1.808e+00
-6.951e-01
-9.952e-01
-5.756e-01
-2.364e+00
8.038e-02
4.055e-01
1.026e+00
3.284e-02
4.200e-01
-9.026e-01
-9.369e-01
-9.915e-01
4.199e+00
-5.570e-02
6.972e-01
-1.420e-01
1.961e+00
6.254e-01
-2.394e-01
2.864e-01
-5.508e-01
1.655e+00
9.575e-01
-2.373e-01
7.606e-01
3.890e-01
-2.846e-01
-2.637e-01
-1.490e+00
-2.471e-01
-8.072e-01
-1.707e+00
-1.792e-01
7.670e-01
2.077e-01
1.682e+00
2.586e+00
-1.786e-01
7.774e-01
-2.113e+00
2.822e+00
-1.460e+00
-3.396e-01
-3.068e+00
8.206e-01
2.106e+00
1.655e+00
2.814e-01
-2.272e+00
-2.339e-01
-1.264e+00
-5.376e-01
3.797e+00
-1.136e+00
4.608e-01
-2.021e-01
9.611e-02
3.008e+00
-2.771e-01
-3.880e-01
1.160e+00
-4.555e-01
6.792e+00
7.181e-01
-6.125e-02
-1.113e-01
-2.518e-01
8.665e-01
1.368e-01
-4.312e-01
-8.611e-01
-3.804e-01
-5.757e-01
6.843e-01
6.414e-01
-7.035e-01
-1.021e+00
3.325e-02
-5.176e-02
-9.504e-02
-9.740e-01
-5.935e-01
-7.012e-01
6.228e-01
-2.178e-01
1.027e+00
-1.351e+00
-1.161e+00
-4.870e-01
-8.313e-01
3.915e-01
-8.748e-01
-4.578e-02
4.885e-01
-1.696e+00
-2.059e-01
1.786e+00
-1.698e-01
-1.278e+00
9.961e-01
-1.052e+00
6.476e-01
-6.162e-01
7.906e-01
2.087e+00
-1.446e+00
3.199e+00
2.040e+00
1.139e+00
1.449e+00
-9.627e-02
-3.147e-01
-1.327e-01
-3.110e-01
3.669e-01
-2.674e-01
3.573e-01
-7.315e-02
-2.387e-01
-2.232e-01
-4.182e-01
4.768e-01
-5.033e-01
2.373e-01
-6.684e-01
1.523e-01
-6.463e-01
3.050e-01
-2.128e-01
7.454e-02
-2.118e-01
4.618e-01
6.419e-01
1.485e+00
1.234e+00
-8.222e-01
-1.867e+00
-6.896e-01
-3.027e-01
1.576e+00
4.815e-01
4.766e-01
-1.634e-01
9.000e-01
-1.095e+00
-1.112e+00
7.793e-01
-6.005e-01
2.636e-01
1.790e-01
-2.365e-01
-2.574e+00
-8.075e-01
-5.698e-01
2.785e+00
4.721e-01
-3.841e+00
-2.683e-02
-3.247e+00
3.203e-01
9.778e-01
2.210e+00
-1.025e-01
-3.056e-01
-5.559e-01
6.237e-01
-5.939e-01
-1.355e+00
1.625e+00
1.516e+00
1.717e-01
-4.838e-01
-7.410e-01
1.119e+00
1.058e+00
-2.906e-01
-5.532e-01
7.279e-01
7.904e-02
6.834e-01
2.115e-01
3.041e-01
-1.477e+00
2.971e-01
-1.550e-01
-1.661e+00
-2.366e+00
4.550e-01
6.819e-01
1.039e+00
1.609e-01
1.457e+00
7.519e-01
-9.076e-01
1.018e+00
-9.562e-01
1.219e+00
-1.997e+00
2.005e-02
-1.406e+00
9.516e-01
5.183e+00
-1.568e-01
1.673e+00
9.741e-01
-4.309e+00
2.204e-01
6.915e-02
1.995e-01
1.146e+00
7.015e-01
2.434e-01
1.866e-01
-8.117e-01
-2.002e+00
1.195e+00
-2.947e-02
-1.613e+00
5.594e-01
-1.368e+00
-5.107e-01
-1.477e-01
1.024e+00
1.934e+00
-9.021e-01
-4.305e-01
-1.061e+00
1.154e+00
-7.317e-01
1.761e-01
7.729e-01
1.242e+00
2.334e+00
-5.138e-01
-9.813e-01
1.360e+00
2.374e-01
4.111e-02
-1.090e+00
-2.503e-01
2.010e+00
-3.991e-01
1.828e+00
5.928e-01
1.386e+00
-3.398e+00
1.575e-03
-7.083e-01
1.346e+00
1.817e+00
-8.177e-02
5.176e+00
-3.835e-02
1.055e+00
-1.127e+00
2.797e-01
2.026e+00
-1.217e+00
3.831e-01
-5.059e-01
-1.463e-01
8.033e-01
5.088e-01
-4.105e-01
1.038e+00
-1.086e+00
7.440e-02
2.099e-01
-1.603e+00
-8.710e-01
1.345e-01
-3.232e-03
-3.703e-02
1.680e-01
5.507e-01
-1.230e+00
1.209e+00
1.776e+00
-1.302e-01
5.988e-01
9.745e-01
1.028e+00
-1.169e+00
5.034e-01
-1.778e+00
9.614e-01
-2.655e+00
-1.589e+00
4.149e-01
-1.870e+00
-4.514e-01
-1.253e+00
-1.381e+00
-1.268e+00
1.931e+00
9.464e-02
5.526e-01
-5.687e-01
-3.927e-01
1.443e-01
6.148e+00
8.245e-01
6.664e-01
-2.379e-01
-5.776e-01
8.052e-01
-1.282e+00
-1.785e-01
-9.404e-01
-2.602e-02
8.717e-01
1.997e-01
2.999e-01
4.215e-01
1.926e-01
9.937e-01
-3.888e-02
-5.589e-01
9.875e-01
-9.312e-01
7.548e-01
-5.832e-01
-1.078e+00
1.826e-01
2.484e-01
1.052e+00
2.960e-01
-1.867e+00
1.078e+00
-7.792e-01
1.890e-01
-6.483e-01
8.320e-01
3.719e+00
9.157e-01
7.979e-01
-6.080e-01
7.526e-01
-7.117e-01
-5.525e-01
1.780e+00
-1.173e+00
4.814e-01
-1.298e-01
1.117e+00
3.610e+00
-6.427e-02
-9.048e-02
1.972e+00
-5.431e-04
4.262e+00
-3.001e-01
8.115e-01
7.193e-01
8.671e-01
3.189e-01
-2.990e-01
-1.674e-01
1.244e+00
1.448e+00
5.363e-02
5.067e-01
1.257e+00
-5.615e-01
6.899e-01
-5.573e-02
-1.278e+00
1.423e+00
5.964e-01
-5.215e-01
-1.478e+00
-9.527e-02
-1.371e-01
7.653e-02
-3.302e-01
-5.964e-01
-3.271e-01
-2.256e-01
-5.905e-01
-5.664e-01
-1.181e+00
1.462e+00
7.199e-01
-9.031e-01
8.349e-01
2.122e+00
-5.014e-01
1.497e+00
-7.230e-02
5.266e-01
1.267e+00
1.427e+00
2.290e+00
-1.250e-01
4.155e-02
1.942e+00
-6.533e-01
1.191e+00
4.582e-02
-6.659e-01
7.719e-01
-6.700e-01
1.843e+00
2.505e-01
-5.386e-02
-7.263e-02
-5.126e-01
-3.860e-01
-8.582e-01
-1.270e+00
7.601e-01
5.712e-01
-8.162e-02
9.586e-01
-6.554e-01
5.382e-01
-9.629e-02
7.920e-01
-2.436e-01
