-4.323e-01
1.470e-01
-3.451e-01
-4.184e-01
3.028e-01
-1.488e-01
-3.380e-01
-8.531e-01
-7.343e-01
-1.683e-01
8.552e-01
-7.762e-01
7.552e-01
6.022e-01
1.023e-01
7.219e-01
-1.723e+00
3.624e-03
1.435e+00
-6.208e-01
-5.770e-01
-5.526e-01
-2.121e+00
2.045e+00
2.390e+00
1.141e+00
2.233e+00
6.737e-01
-8.293e-01
-6.151e-01
-1.061e-01
-1.037e+00
-1.741e+00
5.989e-01
-2.112e-01
-5.097e-01
1.192e+00
4.147e-01
-7.688e-01
-3.961e-01
3.960e-01
-8.883e-01
-2.717e-01
3.226e-01
6.281e-01
7.848e-01
-8.352e-01
1.167e-01
1.389e-01
-7.619e-01
-4.935e-01
3.036e-02
-2.729e-01
-3.536e-01
-3.768e-02
3.316e-01
7.970e-01
7.623e-01
-4.024e-01
-1.633e+00
2.001e-01
2.838e-01
1.028e+00
4.069e-01
1.467e+00
1.637e+00
-4.625e-01
-2.689e-01
-3.479e-01
4.182e-01
5.217e-01
2.074e+00
-6.686e-01
-4.328e-01
3.042e-01
-3.751e+00
5.125e-01
-3.975e-01
1.104e-01
-4.387e-01
3.183e-01
8.731e-02
7.200e-01
3.789e-01
2.255e-01
-3.869e-01
1.140e+00
-2.650e-01
8.919e-01
8.165e-01
1.506e-01
8.743e-01
9.700e-01
7.780e-02
5.032e-01
6.211e-01
2.928e-01
-1.251e+00
1.870e-01
1.475e+00
8.210e-01
9.077e-01
7.118e-01
-1.339e+00
7.811e-01
2.249e+00
1.634e+00
-1.743e-02
-7.117e-01
1.055e+00
-2.305e+00
-4.507e-02
2.126e-01
1.064e-02
1.880e-01
-7.256e-01
-1.831e-01
1.156e+00
1.126e+00
1.183e+00
8.114e-01
3.314e+00
-1.283e-01
7.030e-01
-3.846e-01
7.621e-01
6.259e-02
-1.885e+00
-3.171e-01
-6.993e-01
-6.597e-01
-1.216e+00
-3.395e-01
8.045e-02
1.677e-01
-7.862e-01
-7.123e-01
6.934e-01
5.473e-01
1.897e-01
4.235e-01
4.309e-01
-1.009e+00
6.459e-01
-7.424e-01
4.678e-01
4.584e-01
-1.646e-01
7.447e-01
7.902e-01
7.199e-01
-1.803e-01
6.611e-01
1.177e-01
5.762e-01
1.144e+00
-7.399e-02
-1.886e-01
6.360e-01
-2.029e+00
-1.764e-01
-1.312e+00
2.775e-01
-2.297e-01
-1.408e+00
-6.607e-02
3.973e-01
1.872e+00
-5.661e+00
-1.003e+00
-1.221e+00
8.482e-01
3.944e-01
8.135e-01
9.523e-01
1.638e-02
-2.298e-01
1.630e+00
-8.724e-01
1.218e+00
4.237e-01
5.257e-01
1.303e+00
-7.097e-01
4.339e-01
-6.592e-01
2.011e+00
-9.481e-02
-1.067e+00
-1.993e+00
1.553e+00
-4.435e-01
1.027e+00
7.057e-01
1.054e+00
1.137e+00
-1.059e+00
8.618e-01
-9.021e-01
-4.372e-01
-4.774e-01
3.720e-02
-7.364e-01
1.365e+00
1.225e+00
-8.361e-01
-3.264e-01
3.667e-01
-2.838e+00
-2.921e-01
-1.159e+00
7.962e-01
1.075e+00
-3.549e-01
8.508e-01
4.608e+00
3.159e-01
1.492e-01
-5.097e+00
-1.188e+00
-4.822e-01
2.876e-01
-8.607e-01
1.116e+00
-8.885e-01
2.087e-01
-5.871e-01
2.724e-02
1.007e+00
-1.213e+00
1.828e-01
4.860e-01
4.877e-01
-4.052e-01
-1.398e+00
7.027e-01
-1.271e+00
-3.345e-01
2.022e+00
-8.234e-01
1.863e-01
-2.099e-01
-1.936e-01
-3.010e-01
-3.338e-01
5.824e-01
-6.402e-01
6.837e-02
-3.953e-01
8.340e-02
-5.662e-02
-8.885e-01
2.246e-01
-1.625e-01
8.580e-01
-3.472e-01
5.978e-02
-3.643e-01
1.069e+00
5.652e-01
2.418e+00
-1.021e+00
-3.594e+00
-5.294e-01
1.520e+00
1.041e+00
8.542e-01
2.345e+00
-9.046e-01
-1.533e+00
-7.667e-01
-7.160e-02
-7.903e-01
1.384e+00
1.789e+00
2.716e-01
-6.636e-01
1.099e+00
-1.920e+00
-4.884e-01
2.680e-01
-7.662e-01
1.290e-02
4.734e-01
-6.217e-02
-6.331e-01
1.080e+00
2.237e-01
-3.398e-01
5.172e-01
-9.816e-01
3.550e-01
2.125e-01
-1.173e+00
-9.853e-01
9.244e-02
-3.810e-01
-1.102e+00
3.287e-02
-2.801e-01
4.110e-01
-4.978e-01
-1.471e+00
3.686e-01
-1.943e+00
-3.602e-01
1.227e+00
-7.851e-01
-1.377e-01
-1.499e+00
-2.737e+00
1.560e+00
3.093e+00
1.895e-01
2.606e+00
-8.115e-02
-1.159e-01
-5.961e-01
7.335e-03
-7.006e-01
-5.098e-01
-3.985e-01
1.004e+00
5.335e-01
-9.836e-02
5.395e-01
-3.424e-01
-3.032e-01
7.057e-01
9.297e-01
5.690e-02
3.376e-02
3.161e-01
6.513e-01
4.158e-01
8.138e-01
-1.824e-01
-2.952e-01
-8.243e-01
-4.771e-01
-3.333e-01
-1.540e+00
5.944e-01
4.723e-01
1.099e+00
5.304e-01
5.543e-01
-1.542e+00
1.949e+00
-3.527e-01
-9.998e-01
7.765e-01
1.192e+00
1.126e+00
1.312e+00
-4.718e-02
-1.435e+00
3.990e-01
4.385e-01
4.171e+00
-3.552e-01
1.839e+00
-3.112e-01
-3.917e+00
-5.850e-01
3.649e-01
7.798e-01
-8.083e-01
1.326e+00
1.989e+00
3.233e-01
-8.975e-01
4.343e-01
-1.128e+00
-1.858e+00
-7.766e-02
1.010e+00
1.339e-01
-3.238e-01
6.731e-01
-2.008e-01
4.863e-01
-6.906e-03
7.359e-01
4.815e-01
-6.582e-01
1.328e+00
3.024e-01
3.160e-01
7.754e-01
-1.842e+00
-7.251e-01
-3.708e-01
1.597e+00
-2.188e-01
-7.554e-01
-6.058e-01
3.999e-01
-2.879e+00
-4.580e-01
8.700e-01
1.012e+00
-1.501e+00
-7.247e-01
5.533e-01
3.176e-01
6.182e-01
2.740e+00
8.071e-01
4.924e+00
-1.374e+00
1.383e+00
-1.572e+00
-1.212e-01
6.733e-02
4.227e-01
6.156e-01
1.243e+00
-6.748e-01
3.816e-02
3.625e-01
1.729e+00
1.555e-01
-1.277e+00
-8.908e-01
1.480e-01
-1.367e+00
-2.637e-02
-4.503e-01
-1.035e+00
1.221e-01
-5.131e-01
-2.983e-01
-1.397e-01
2.075e-01
-5.095e-02
1.400e+00
9.921e-01
8.249e-01
-4.758e-01
-5.666e-02
4.846e-01
-1.638e-01
-5.237e-02
-1.718e-01
-1.028e+00
-1.007e+00
-4.576e-01
-1.634e+00
-8.094e-01
-4.878e-01
-2.689e-01
5.311e-01
-7.286e-02
-3.065e-01
-9.787e-02
-6.340e+00
-1.124e+00
-1.190e+00
3.598e-01
-6.221e-01
9.199e-01
1.162e+00
3.029e-01
3.320e-01
2.221e-01
1.638e-01
2.679e+00
1.542e+00
5.705e-02
1.313e+00
2.080e-01
5.830e-01
-9.530e-01
3.333e-02
-1.225e+00
9.642e-01
-2.297e-01
1.440e-01
-2.502e+00
9.491e-01
1.382e+00
1.344e+00
-7.644e-03
-9.438e-01
-5.710e-01
-1.145e+00
3.138e-01
-1.213e+00
-2.475e-01
8.846e-02
1.023e+00
2.010e+00
-7.055e-01
3.579e-01
-1.758e-01
-6.646e-01
1.951e-01
3.934e-01
6.834e-01
4.190e-01
-7.931e-01
1.685e+00
4.197e+00
-8.312e-01
-2.866e-01
-5.684e+00
-7.992e-01
-8.139e-02
3.660e-01
-7.271e-01
2.203e-01
-1.309e+00
2.637e-01
-2.646e-01
-5.053e-01
1.545e+00
3.455e-01
-2.851e-01
-1.377e+00
-4.405e-01
-9.170e-02
-7.770e-01
8.362e-01
-9.898e-01
7.390e-01
4.749e-01
-2.992e-01
-5.146e-01
-3.629e-01
-4.696e-01
-3.334e-01
-3.547e-01
2.409e-01
-7.962e-01
-1.345e-01
-1.618e+00
-1.422e-01
7.383e-01
-1.099e+00
7.052e-01
1.490e+00
-5.751e-01
-1.473e+00
-3.395e-01
-1.301e+00
-1.973e+00
-4.226e-01
3.831e+00
2.068e+00
-2.335e+00
-2.240e-02
8.998e-01
1.617e+00
1.082e+00
1.491e+00
-8.239e-01
-1.445e-01
-3.403e-01
-2.525e-01
-9.486e-01
1.570e-01
-1.390e-02
-2.462e-01
4.618e-01
1.599e+00
-2.310e+00
7.418e-01
6.155e-01
1.153e+00
-1.534e-01
-3.330e-01
-3.255e-01
-8.032e-03
6.844e-01
3.690e-01
-1.678e-01
1.026e+00
1.180e-01
2.758e-01
6.654e-01
-1.154e+00
-9.805e-01
2.142e-01
6.812e-01
4.296e-01
1.950e-01
-2.858e-01
1.256e+00
-8.224e-01
-1.149e+00
-1.040e-01
-8.775e-01
-1.027e+00
8.083e-01
-5.724e-01
5.064e-02
-1.522e+00
-3.413e+00
1.238e+00
3.205e+00
5.060e-02
2.808e+00
3.845e-01
8.286e-02
-9.334e-01
-5.940e-02
5.290e-01
3.782e-01
-1.367e+00
5.826e-01
-2.741e-01
-3.394e-01
6.461e-01
3.376e-02
-2.565e-01
1.238e-02
7.044e-01
5.294e-02
9.214e-02
6.145e-01
3.771e-01
4.424e-02
-2.071e-01
4.535e-01
-3.243e-01
-8.625e-01
-4.776e-01
1.923e-02
-1.117e+00
5.610e-01
-5.520e-01
1.901e+00
3.855e-01
-6.976e-02
-3.295e-01
4.846e-01
-1.101e-01
-1.481e+00
3.087e-01
1.578e-01
8.688e-01
8.401e-02
7.655e-01
9.852e-02
-4.289e-02
-5.834e-01
4.694e+00
-1.636e-01
-2.822e-02
-2.507e-01
-4.967e+00
-1.429e+00
-1.012e+00
-2.088e-01
1.403e-01
-2.332e-01
8.181e-01
1.334e+00
2.320e-01
4.637e-01
2.786e-01
4.077e-01
-4.536e-01
1.437e+00
4.957e-02
5.835e-01
-3.661e-01
5.783e-01
1.579e+00
-2.818e-01
7.289e-01
4.548e-01
-1.384e+00
1.796e+00
3.839e-01
1.284e+00
4.804e-01
-2.745e+00
-8.685e-01
1.699e+00
1.380e+00
1.634e+00
-1.458e+00
-6.626e-01
4.091e-01
-2.057e+00
7.463e-01
9.750e-02
1.529e+00
-9.439e-02
-2.979e+00
5.360e-01
1.625e+00
-3.289e-01
9.254e-01
-2.938e-01
7.019e+00
-6.988e-01
1.541e+00
1.329e-01
-1.200e+00
2.662e-01
-6.255e-01
1.140e-01
2.079e+00
-2.546e-01
-8.233e-01
-5.130e-01
2.595e-01
4.399e-02
7.273e-02
-5.100e-01
6.255e-01
-6.726e-01
-3.678e-01
-9.576e-01
-9.763e-01
5.516e-01
4.093e-01
-1.311e+00
8.268e-01
1.647e+00
-5.537e-01
4.521e-01
-1.379e+00
2.052e+00
3.045e-01
2.292e+00
-1.786e+00
1.477e+00
-1.181e+00
-7.231e-01
-1.377e+00
-2.204e-03
-1.931e+00
2.724e-01
-1.740e+00
-1.705e+00
-3.032e-01
3.774e-01
1.349e+00
-1.366e+00
1.088e+00
-7.143e+00
-1.100e+00
-7.029e-03
3.307e-01
-7.495e-01
2.711e-01
-4.243e-02
1.001e+00
7.761e-01
1.944e+00
3.959e-01
7.550e-01
5.940e-01
1.233e+00
6.821e-01
1.067e+00
3.032e-01
8.570e-01
8.228e-01
-2.295e-01
-1.648e+00
-5.157e-01
-1.078e+00
-6.832e-01
-1.468e-01
4.288e-01
2.336e+00
3.826e-01
-1.933e+00
3.222e-01
-9.765e-01
6.449e-01
-6.547e-01
7.806e-01
-4.600e-02
2.359e+00
3.665e+00
-1.552e+00
2.232e+00
2.534e-01
-2.074e+00
4.173e-01
-5.386e-01
1.159e-01
-8.781e-01
-4.426e-01
8.429e-02
2.783e+00
-1.049e+00
4.608e-01
-7.499e+00
-5.623e-01
7.770e-01
-4.076e+00
-1.350e+00
9.242e-01
-6.955e-01
9.778e-01
-1.095e+00
-3.017e-01
4.148e-01
2.559e-01
-5.190e-01
-1.052e+00
6.020e-01
-7.755e-01
-1.317e+00
1.495e+00
-9.662e-01
1.766e-01
-8.930e-01
1.436e+00
7.558e-01
-3.624e-01
1.145e+00
-2.211e-01
-1.690e+00
-1.094e-01
-1.121e+00
-5.030e-01
-1.885e+00
-2.711e-01
9.422e-01
-1.125e+00
7.698e-01
1.158e+00
-2.083e-01
-1.947e+00
-2.417e-01
-2.061e+00
-3.265e-01
6.116e-01
2.014e+00
2.072e-01
-1.891e+00
-1.333e-01
1.209e+00
7.703e-01
1.306e+00
1.680e+00
-1.420e+00
-1.061e-01
-5.825e-02
-4.819e-01
-1.204e+00
-3.295e-01
-1.282e-01
-5.499e-01
-2.104e-01
1.482e+00
-1.349e+00
-1.631e+00
9.142e-01
-2.363e-01
3.354e-01
4.085e-01
1.924e-01
-6.914e-01
1.072e+00
-6.056e-02
-3.586e-01
1.306e+00
-4.305e-01
6.292e-01
-8.196e-02
-1.203e+00
-1.416e+00
2.736e-02
7.401e-01
-3.832e-01
9.986e-01
4.530e-01
1.117e+00
-1.373e+00
-2.954e+00
5.674e-01
-9.613e-01
-9.587e-02
3.724e-01
1.031e+00
-8.097e-02
-2.836e+00
-4.091e+00
3.016e+00
2.178e+00
4.661e-01
3.977e+00
3.562e-01
-5.060e-01
6.330e-01
8.711e-01
2.119e-02
-7.648e-01
5.902e-01
4.234e-02
2.677e-01
2.289e+00
-2.512e-01
-8.830e-02
5.624e-01
-1.130e-01
-8.900e-01
3.209e-01
1.160e+00
-1.091e+00
-6.287e-01
5.650e-03
-5.873e-02
1.638e+00
-5.103e-01
-2.433e+00
-1.023e+00
5.346e-01
-1.200e+00
-3.129e+00
1.426e+00
3.313e+00
-9.333e-01
-2.293e-01
-1.678e+00
-4.723e-01
1.721e+00
-2.673e+00
5.654e-01
1.205e-02
1.579e+00
7.859e-01
-6.263e-02
-1.109e-01
-6.932e-02
1.095e+00
5.940e+00
6.697e-01
2.141e-01
1.269e+00
-7.709e+00
1.020e+00
-9.563e-01
-5.866e-01
-7.707e-01
-1.887e+00
-4.356e-01
-1.747e-01
-8.606e-01
-2.094e-01
-3.322e-01
-2.120e+00
1.331e+00
1.294e-01
-2.852e-01
8.239e-02
-2.214e+00
1.391e+00
-4.373e-01
-1.248e-01
5.526e-01
1.910e+00
-3.271e+00
1.541e-01
2.748e+00
3.400e+00
4.233e-01
-1.110e+00
-2.397e+00
1.723e+00
1.605e+00
3.393e+00
-1.437e+00
-2.007e+00
1.871e+00
-1.971e+00
1.285e+00
2.291e-01
1.863e+00
-7.409e-01
-2.651e+00
-3.919e-01
-1.506e+00
-1.594e-01
8.873e-01
6.061e-01
8.088e+00
-3.217e+00
1.662e+00
1.570e-04
2.525e+00
1.048e+00
8.096e-02
-3.588e-01
7.207e-01
1.473e+00
-2.091e-01
1.402e+00
-6.075e-01
-2.506e-01
5.808e-01
-6.996e-01
-1.522e+00
-9.498e-02
-2.179e-01
1.295e+00
4.208e-01
-1.307e+00
-1.367e-01
-6.800e-01
1.824e+00
2.153e+00
-2.542e+00
1.420e+00
3.781e+00
7.827e-01
-1.288e-02
1.922e+00
-1.814e+00
3.450e+00
-2.002e+00
-8.871e-01
-1.076e+00
-1.293e+00
-3.353e+00
-1.718e+00
-2.555e+00
-2.859e+00
1.297e+00
8.457e-01
9.811e-01
-1.450e+00
7.297e-01
-8.161e+00
-4.963e-01
-2.020e-01
-4.351e-03
4.158e-01
-3.782e-01
-2.448e-01
-6.904e-01
-8.054e-01
6.569e-01
-3.012e+00
-7.762e-01
9.712e-02
-1.466e+00
2.586e+00
-1.376e-01
1.199e+00
3.545e-01
1.401e+00
1.461e+00
2.186e-01
-3.720e-01
-6.305e-01
-1.606e+00
1.007e+00
1.174e+00
1.121e+00
1.752e-01
1.139e-01
2.059e+00
-8.148e-01
-2.519e-01
-1.306e-01
2.385e-01
3.853e-01
1.309e+00
3.103e+00
-1.044e+00
5.205e-01
-1.200e+00
-2.084e+00
5.723e-01
-7.038e-01
1.123e-01
1.609e-01
3.059e-01
2.233e+00
2.655e+00
-1.815e+00
4.428e-01
-6.231e+00
-2.357e+00
-8.094e-01
6.873e-01
1.115e-01
3.699e-01
-1.032e+00
-7.323e-01
-2.484e-01
4.823e-01
9.842e-01
-7.011e-01
3.555e-01
-1.269e+00
-5.891e-02
-2.033e-01
2.541e-01
-1.260e+00
2.796e-01
4.786e-01
2.081e+00
-5.900e-01
6.993e-02
-7.292e-01
1.054e+00
-5.972e-01
-1.626e+00
3.453e-01
-1.547e+00
-1.587e-01
-1.950e+00
8.854e-02
1.109e+00
-1.603e+00
1.135e-01
2.597e+00
-7.839e-01
-2.122e+00
2.147e-01
-2.476e+00
2.812e-01
-2.284e-01
1.903e+00
9.547e-01
-2.860e+00
-4.097e-01
1.064e+00
8.078e-01
3.309e-01
1.911e+00
-5.193e-01
-9.563e-01
-2.236e-01
4.316e-01
-5.949e-01
5.480e-01
4.193e-01
4.864e-02
-4.460e-01
5.274e-01
-1.640e+00
-1.980e-01
-3.204e-01
1.402e-01
-3.404e-02
8.404e-01
5.937e-01
3.663e-01
1.216e-01
2.248e-01
9.525e-01
4.999e-01
5.221e-01
4.734e-01
-5.756e-01
-1.255e+00
-1.481e+00
-3.562e-01
1.586e+00
7.784e-01
1.335e+00
-4.061e-01
1.247e+00
-1.277e+00
-7.089e-01
4.010e-01
-1.867e+00
-8.342e-01
-3.033e-01
7.198e-01
-4.940e-01
-2.516e+00
-3.511e+00
2.323e+00
4.485e+00
-1.888e-01
3.115e+00
6.838e-03
1.202e-01
-1.048e+00
-2.038e-01
-1.369e-01
6.558e-01
7.917e-02
-4.384e-01
1.972e-01
-1.835e-01
-1.225e+00
-6.185e-01
5.755e-01
2.077e-01
-9.460e-02
1.223e+00
2.673e-01
8.689e-01
8.211e-01
3.145e-01
1.017e-01
1.333e+00
-9.043e-01
-1.469e+00
-1.313e+00
-5.514e-02
-1.390e+00
-2.206e+00
-2.786e-01
2.547e+00
-7.715e-01
7.414e-01
3.568e-01
1.935e+00
9.476e-01
-2.195e+00
1.783e+00
-5.781e-01
-1.539e-01
2.618e-01
-1.521e+00
4.167e-01
-1.277e+00
1.630e-01
4.803e+00
8.383e-01
1.179e+00
1.054e+00
-7.666e+00
6.906e-01
5.738e-01
-3.947e-01
-4.267e-01
-4.827e-01
4.878e-01
5.990e-01
-1.259e+00
1.675e+00
1.489e-01
1.267e-01
-2.907e-01
9.105e-01
8.531e-01
-4.607e-01
1.105e+00
1.550e-01
5.305e-02
-4.957e-01
2.285e-01
1.847e-01
-1.426e+00
1.624e+00
3.596e-01
1.354e+00
1.096e+00
-2.522e+00
-2.396e+00
2.326e+00
1.870e+00
1.718e+00
-2.941e+00
-1.105e+00
1.166e+00
-2.702e+00
1.045e+00
-2.680e-02
-9.975e-01
-5.159e-01
-3.500e+00
3.084e-01
8.481e-02
-5.897e-02
2.384e+00
8.036e-01
7.556e+00
5.268e-01
2.404e+00
-5.814e-01
-1.285e+00
3.355e-01
-7.527e-01
-1.349e+00
1.896e-02
1.582e+00
-4.482e-01
-7.366e-01
-5.642e-01
-7.846e-01
-2.515e-01
2.866e-01
1.994e+00
4.989e-01
-1.047e+00
-1.270e+00
-8.593e-01
1.939e+00
-3.544e-01
-6.683e-01
1.943e+00
3.028e-01
-4.247e-01
3.880e+00
-1.230e+00
3.203e+00
-1.535e+00
3.834e-01
-3.676e+00
3.025e+00
5.686e-01
-4.350e-01
-2.133e+00
-1.529e+00
-1.087e+00
-1.869e+00
-1.374e+00
-3.156e+00
-3.828e-01
-1.604e+00
1.026e+00
-1.655e+00
1.168e+00
-8.450e+00
-2.163e-01
-3.358e+00
-8.995e-01
-8.382e-01
-1.366e+00
7.492e-02
-3.317e-01
-6.011e-01
1.155e+00
-1.281e+00
4.357e-01
2.086e+00
-1.427e-01
1.052e+00
-1.573e+00
-5.627e-01
2.352e-01
4.065e-01
-2.627e-01
7.161e-01
1.986e+00
9.877e-02
1.585e-01
1.081e+00
2.319e+00
3.125e+00
-1.769e+00
-9.742e-01
2.585e+00
-1.889e+00
1.449e+00
-2.469e+00
-3.965e-02
1.001e+00
2.943e+00
1.536e+00
-2.619e+00
1.979e+00
-2.041e+00
-2.462e+00
6.509e-01
-8.245e-01
-7.724e-01
-3.547e-03
1.120e-02
1.945e-01
4.714e+00
-6.488e-01
2.459e+00
-8.308e+00
-2.101e+00
-4.038e-01
2.751e-01
5.928e-01
-2.375e+00
5.022e-01
2.479e-01
-1.112e+00
-2.525e-01
2.983e-01
1.811e-01
1.102e+00
-1.322e+00
-7.305e-01
-8.112e-02
-6.046e-01
8.595e-01
4.922e-01
-4.327e-01
2.105e+00
1.647e+00
-1.143e-01
-6.898e-01
1.022e+00
-3.025e-01
-1.577e+00
2.474e-01
-1.393e+00
-9.195e-01
-2.265e+00
-4.160e-01
1.640e+00
-1.688e+00
5.369e-01
2.130e+00
-3.666e-01
-2.501e+00
4.251e-01
-1.376e+00
-3.452e-01
4.482e-01
3.738e+00
1.720e+00
-1.111e+00
1.407e-01
2.558e+00
1.837e+00
7.901e-01
1.204e+00
7.013e-01
-1.100e+00
-7.851e-01
2.100e+00
-4.841e-01
-1.134e+00
1.952e-01
-4.955e-01
2.734e-01
-2.976e-01
-1.084e+00
-2.007e-01
2.738e-02
5.618e-02
8.663e-01
-5.557e-01
-3.679e-03
-4.670e-01
1.809e+00
1.547e-02
