-4.323e-01
1.470e-01
-3.451e-01
-4.184e-01
3.028e-01
-1.488e-01
-3.380e-01
-8.531e-01
-7.343e-01
-1.683e-01
8.552e-01
-7.762e-01
7.552e-01
6.022e-01
1.023e-01
7.219e-01
-1.723e+00
3.624e-03
1.435e+00
-6.208e-01
-5.770e-01
-5.526e-01
-2.121e+00
2.045e+00
2.390e+00
1.141e+00
2.233e+00
6.737e-01
-8.293e-01
-6.151e-01
-1.061e-01
-1.037e+00
-1.741e+00
5.989e-01
-2.112e-01
-5.097e-01
1.192e+00
4.147e-01
-7.688e-01
-3.961e-01
3.960e-01
-8.883e-01
-2.717e-01
3.226e-01
6.281e-01
7.848e-01
-8.352e-01
1.167e-01
1.389e-01
-7.619e-01
-4.935e-01
3.036e-02
-2.729e-01
-3.536e-01
-3.768e-02
3.316e-01
7.970e-01
7.623e-01
-4.024e-01
-1.633e+00
2.001e-01
2.838e-01
1.028e+00
4.069e-01
1.467e+00
1.637e+00
-4.625e-01
-2.689e-01
-3.479e-01
4.182e-01
5.217e-01
2.074e+00
-6.686e-01
-4.328e-01
3.042e-01
-3.751e+00
5.125e-01
-3.975e-01
1.104e-01
-4.387e-01
3.183e-01
8.731e-02
7.200e-01
3.789e-01
2.255e-01
-3.869e-01
1.140e+00
-2.650e-01
8.919e-01
8.165e-01
1.506e-01
8.743e-01
9.700e-01
7.780e-02
5.032e-01
6.211e-01
2.928e-01
-1.251e+00
1.870e-01
1.475e+00
8.210e-01
9.077e-01
7.118e-01
-1.339e+00
7.811e-01
2.249e+00
1.634e+00
-1.743e-02
-7.117e-01
1.055e+00
-2.305e+00
-4.507e-02
2.126e-01
1.064e-02
1.880e-01
-7.256e-01
-1.831e-01
1.156e+00
1.126e+00
1.183e+00
8.114e-01
3.314e+00
-1.283e-01
7.030e-01
-3.846e-01
7.621e-01
6.259e-02
-1.885e+00
-3.171e-01
-6.993e-01
-6.597e-01
-1.216e+00
-3.395e-01
8.045e-02
1.677e-01
-7.862e-01
-7.123e-01
6.934e-01
5.473e-01
1.897e-01
4.235e-01
4.309e-01
-1.009e+00
6.459e-01
-7.424e-01
4.678e-01
4.584e-01
-1.646e-01
7.447e-01
7.902e-01
7.199e-01
-1.803e-01
6.611e-01
1.177e-01
5.762e-01
1.144e+00
-7.399e-02
-1.886e-01
6.360e-01
-2.029e+00
-1.764e-01
-1.312e+00
2.775e-01
-2.297e-01
-1.408e+00
-6.607e-02
3.973e-01
1.872e+00
-5.661e+00
-1.003e+00
-1.221e+00
8.482e-01
3.944e-01
8.135e-01
9.523e-01
1.638e-02
-2.298e-01
1.630e+00
-8.724e-01
1.218e+00
4.237e-01
5.257e-01
1.303e+00
-7.097e-01
4.339e-01
-6.592e-01
2.011e+00
-9.481e-02
-1.067e+00
-1.993e+00
1.553e+00
-4.435e-01
1.027e+00
7.057e-01
1.054e+00
1.137e+00
-1.059e+00
8.618e-01
-9.021e-01
-4.372e-01
-4.774e-01
3.720e-02
-7.364e-01
1.365e+00
1.225e+00
-8.361e-01
-3.264e-01
3.667e-01
-2.838e+00
-2.921e-01
-1.159e+00
7.962e-01
1.075e+00
-3.549e-01
8.508e-01
4.608e+00
3.159e-01
1.492e-01
-5.097e+00
-1.188e+00
-4.822e-01
2.876e-01
-8.607e-01
1.116e+00
-8.885e-01
2.087e-01
-5.871e-01
2.724e-02
1.007e+00
-1.213e+00
1.828e-01
4.860e-01
4.877e-01
-4.052e-01
-1.398e+00
7.027e-01
-1.271e+00
-3.345e-01
2.022e+00
-8.234e-01
1.863e-01
-2.099e-01
-1.936e-01
-3.010e-01
-3.338e-01
5.824e-01
-6.402e-01
6.837e-02
-3.953e-01
8.340e-02
-5.662e-02
-8.885e-01
2.246e-01
-1.625e-01
8.580e-01
-3.472e-01
5.978e-02
-3.643e-01
1.069e+00
5.652e-01
2.418e+00
-1.021e+00
-3.594e+00
-5.294e-01
1.520e+00
1.041e+00
8.542e-01
2.345e+00
-9.046e-01
-1.533e+00
-7.667e-01
-7.160e-02
-7.903e-01
1.384e+00
1.789e+00
2.716e-01
-6.636e-01
1.099e+00
-1.920e+00
-4.884e-01
2.680e-01
-7.662e-01
1.290e-02
4.734e-01
-6.217e-02
-6.331e-01
1.080e+00
2.237e-01
-6.188e-01
-6.461e-03
-9.860e-01
-3.425e-01
7.150e-01
-9.535e-01
-9.652e-01
-2.185e-01
-1.365e-01
-1.158e+00
7.349e-02
-2.723e-01
4.587e-01
-4.543e-01
-1.493e+00
2.676e-01
-1.925e+00
-4.500e-01
1.251e+00
-7.459e-01
-1.053e-01
-1.502e+00
-2.759e+00
1.520e+00
3.091e+00
2.204e-01
2.607e+00
-6.339e-02
-1.131e-01
-5.967e-01
9.550e-03
-7.006e-01
-5.089e-01
-3.996e-01
1.003e+00
5.350e-01
-9.890e-02
5.394e-01
-3.422e-01
-3.035e-01
7.053e-01
9.301e-01
5.688e-02
3.378e-02
3.159e-01
6.514e-01
4.157e-01
8.138e-01
1.498e-01
-3.130e-01
-3.398e-01
-8.898e-01
3.914e-01
-1.526e+00
4.181e-01
6.337e-01
9.602e-01
7.531e-01
7.739e-01
-1.445e+00
1.975e+00
-1.563e-01
-1.050e+00
7.067e-01
1.139e+00
1.180e+00
1.313e+00
-5.685e-03
-1.443e+00
3.680e-01
3.773e-01
4.177e+00
-3.736e-01
1.836e+00
-2.845e-01
-3.919e+00
-5.867e-01
3.622e-01
7.824e-01
-8.059e-01
1.321e+00
1.992e+00
3.247e-01
-8.970e-01
4.355e-01
-1.128e+00
-1.858e+00
-7.893e-02
1.010e+00
1.344e-01
-3.240e-01
6.730e-01
-2.009e-01
4.862e-01
-7.014e-03
7.359e-01
8.140e-01
4.956e-02
8.407e-01
1.071e+00
-6.453e-02
8.348e-01
-1.525e+00
-1.262e+00
-7.036e-01
1.481e+00
-1.060e-01
-7.793e-01
-6.427e-01
3.374e-01
-2.841e+00
-6.529e-01
8.222e-01
1.051e+00
-1.477e+00
-7.718e-01
5.463e-01
3.294e-01
5.780e-01
2.749e+00
7.579e-01
4.932e+00
-1.384e+00
1.374e+00
-1.571e+00
-1.284e-01
6.599e-02
4.229e-01
6.129e-01
1.244e+00
-6.749e-01
3.717e-02
3.608e-01
1.730e+00
1.564e-01
-1.277e+00
-8.909e-01
1.475e-01
-1.367e+00
-2.680e-02
-4.501e-01
-1.035e+00
1.222e-01
-5.131e-01
-4.361e-02
-3.265e-01
1.932e-01
9.108e-02
8.080e-01
1.514e+00
9.320e-01
-1.957e-01
-1.589e-01
4.612e-01
-1.544e-01
-7.577e-02
-6.836e-02
-1.040e+00
-9.734e-01
-5.251e-01
-1.595e+00
-8.844e-01
-4.791e-01
-2.842e-01
5.325e-01
-6.140e-02
-3.050e-01
-1.024e-01
-6.328e+00
-1.187e+00
-1.192e+00
3.516e-01
-6.264e-01
9.170e-01
1.161e+00
3.066e-01
3.316e-01
2.228e-01
1.598e-01
2.679e+00
1.542e+00
5.859e-02
1.313e+00
2.089e-01
5.834e-01
-9.527e-01
3.372e-02
-1.225e+00
9.643e-01
-2.295e-01
1.444e-01
-2.502e+00
-6.505e-01
1.546e+00
1.049e+00
8.408e-01
-5.884e-01
-9.331e-01
-1.186e+00
-5.776e-02
-1.132e+00
-5.011e-01
-6.218e-02
1.025e+00
2.070e+00
-5.014e-01
3.691e-01
-1.511e-01
-6.730e-01
1.640e-01
3.716e-01
6.955e-01
4.360e-01
-7.839e-01
1.623e+00
4.222e+00
-8.283e-01
-2.949e-01
-5.679e+00
-8.379e-01
-8.309e-02
3.656e-01
-7.278e-01
2.180e-01
-1.310e+00
2.609e-01
-2.639e-01
-5.057e-01
1.545e+00
3.470e-01
-2.842e-01
-1.378e+00
-4.405e-01
-9.191e-02
-7.772e-01
8.360e-01
-9.900e-01
7.387e-01
4.750e-01
-2.992e-01
2.738e-02
-6.291e-01
-1.548e-01
-5.548e-01
-4.250e-01
5.660e-02
-7.149e-01
-3.754e-01
-1.550e+00
-4.849e-01
8.910e-01
-9.790e-01
5.529e-01
1.553e+00
-4.735e-01
-1.509e+00
-2.788e-01
-1.315e+00
-1.958e+00
-4.848e-01
3.786e+00
2.150e+00
-2.335e+00
-5.667e-02
8.836e-01
1.626e+00
1.072e+00
1.498e+00
-8.233e-01
-1.484e-01
-3.395e-01
-2.536e-01
-9.489e-01
1.549e-01
-1.354e-02
-2.463e-01
4.602e-01
1.600e+00
-2.310e+00
7.402e-01
6.150e-01
1.153e+00
-1.533e-01
-3.330e-01
-3.255e-01
-8.102e-03
6.843e-01
3.691e-01
-8.632e-01
-5.796e-01
-2.454e-01
1.725e-01
1.323e+00
-1.588e-01
-9.174e-01
-4.069e-01
4.395e-01
6.748e-01
2.693e-01
-2.171e-01
1.394e+00
-5.565e-01
-1.125e+00
-2.591e-01
-7.785e-01
-1.104e+00
8.428e-01
-5.202e-01
1.162e-01
-1.519e+00
-3.447e+00
1.138e+00
3.203e+00
1.147e-01
2.802e+00
4.227e-01
9.152e-02
-9.326e-01
-6.275e-02
5.287e-01
3.841e-01
-1.366e+00
5.834e-01
-2.724e-01
-3.407e-01
6.454e-01
3.411e-02
-2.564e-01
1.172e-02
7.044e-01
5.288e-02
9.217e-02
6.144e-01
3.774e-01
4.430e-02
-2.071e-01
1.062e-01
5.473e-01
2.890e-01
-9.426e-01
9.060e-01
-6.541e-01
7.788e-01
-1.136e-01
1.566e+00
1.144e+00
2.857e-02
-3.356e-01
4.968e-01
-1.165e-02
-1.509e+00
1.047e-01
7.654e-02
8.797e-01
3.546e-02
7.692e-01
1.003e-01
-3.861e-02
-7.209e-01
4.675e+00
-1.630e-01
-3.149e-02
-1.830e-01
-4.970e+00
-1.420e+00
-1.025e+00
-2.097e-01
1.390e-01
-2.367e-01
8.171e-01
1.333e+00
2.359e-01
4.631e-01
2.795e-01
4.083e-01
-4.531e-01
1.437e+00
5.090e-02
5.837e-01
-3.657e-01
5.776e-01
1.579e+00
-2.820e-01
7.289e-01
1.069e+00
9.894e-01
-4.399e-03
1.836e+00
3.849e-01
1.316e+00
-1.701e+00
-2.323e+00
9.671e-01
1.964e+00
1.986e+00
-9.230e-01
-7.307e-01
2.693e-01
-2.139e+00
4.600e-01
-4.470e-02
1.532e+00
9.411e-02
-2.979e+00
4.655e-01
1.647e+00
-3.560e-01
9.154e-01
-4.341e-01
7.012e+00
-7.197e-01
1.531e+00
1.440e-01
-1.199e+00
2.701e-01
-6.238e-01
1.050e-01
2.079e+00
-2.522e-01
-8.240e-01
-5.135e-01
2.585e-01
4.389e-02
7.279e-02
-5.106e-01
6.250e-01
-6.724e-01
-3.683e-01
-9.572e-01
-9.768e-01
5.514e-01
4.095e-01
-2.061e-01
-1.537e+00
8.821e-01
1.497e+00
1.375e+00
-4.644e-01
1.475e+00
1.458e+00
2.828e+00
-6.652e-01
1.755e+00
-7.035e-01
-4.350e-01
-1.494e+00
2.601e-01
-1.913e+00
4.326e-01
-1.707e+00
-1.682e+00
-4.103e-01
3.190e-01
1.364e+00
-1.397e+00
1.048e+00
-7.119e+00
-1.243e+00
-1.153e-02
3.306e-01
-7.520e-01
2.641e-01
-4.876e-02
1.001e+00
7.678e-01
1.948e+00
3.937e-01
7.561e-01
5.915e-01
1.235e+00
6.807e-01
1.068e+00
3.024e-01
8.573e-01
8.230e-01
-2.290e-01
-1.648e+00
-5.164e-01
-1.078e+00
-6.836e-01
-3.288e-01
-3.119e-01
1.085e-01
2.365e+00
-1.416e+00
-1.355e+00
-1.169e+00
-5.713e-02
-9.209e-01
4.358e-01
-7.268e-01
2.245e+00
3.900e+00
-7.931e-01
2.177e+00
5.543e-01
-2.104e+00
2.232e-01
-5.449e-01
8.166e-02
-8.582e-01
-4.800e-01
2.558e-03
2.784e+00
-1.058e+00
4.397e-01
-7.491e+00
-6.644e-01
8.148e-01
-4.069e+00
-1.356e+00
9.157e-01
-6.997e-01
9.748e-01
-1.094e+00
-3.049e-01
4.143e-01
2.567e-01
-5.175e-01
-1.053e+00
6.027e-01
-7.750e-01
-1.318e+00
1.495e+00
-9.663e-01
1.762e-01
-8.934e-01
1.436e+00
1.505e-02
8.381e-01
4.530e-01
1.075e+00
-9.252e-01
-1.419e+00
-6.070e-01
-1.068e+00
-1.599e+00
-1.034e+00
1.227e+00
-8.044e-01
5.243e-01
1.288e+00
5.809e-02
-1.957e+00
-4.959e-02
-2.075e+00
-3.645e-01
5.897e-01
2.003e+00
2.937e-01
-1.886e+00
-1.888e-01
1.193e+00
7.944e-01
1.283e+00
1.698e+00
-1.419e+00
-1.193e-01
-5.520e-02
-4.823e-01
-1.202e+00
-3.347e-01
-1.265e-01
-5.503e-01
-2.134e-01
1.481e+00
-1.347e+00
-1.633e+00
9.144e-01
-2.354e-01
3.351e-01
4.087e-01
1.927e-01
-6.913e-01
1.072e+00
-6.025e-02
1.707e-01
-1.344e+00
-3.639e-01
-6.699e-01
1.170e+00
-2.941e-01
-8.475e-01
-1.135e+00
8.216e-01
1.398e-01
7.102e-01
8.354e-01
1.473e+00
-9.818e-01
-3.008e+00
-4.402e-02
-9.387e-01
-2.284e-01
2.731e-01
1.061e+00
1.024e-01
-2.835e+00
-4.220e+00
2.833e+00
2.163e+00
5.312e-01
3.969e+00
4.374e-01
-5.147e-01
6.259e-01
8.709e-01
2.945e-02
-7.686e-01
5.853e-01
4.116e-02
2.678e-01
2.290e+00
-2.443e-01
-8.945e-02
5.622e-01
-1.118e-01
-8.902e-01
3.198e-01
1.160e+00
-1.091e+00
-6.294e-01
5.676e-03
-5.873e-02
-1.550e+00
7.363e-01
2.019e+00
-1.700e+00
1.276e+00
3.133e-01
-2.983e+00
-1.712e+00
3.207e+00
1.250e+00
5.079e-01
-1.616e+00
-9.598e-01
1.505e+00
-2.732e+00
1.116e-02
-2.072e-01
1.565e+00
7.883e-01
1.210e-02
-1.062e-01
-7.634e-02
8.320e-01
5.982e+00
6.630e-01
2.341e-01
1.426e+00
-7.681e+00
1.033e+00
-9.420e-01
-5.792e-01
-7.762e-01
-1.885e+00
-4.478e-01
-1.710e-01
-8.614e-01
-2.084e-01
-3.329e-01
-2.122e+00
1.327e+00
1.298e-01
-2.850e-01
8.450e-02
-2.214e+00
1.391e+00
-4.364e-01
-1.250e-01
5.525e-01
-1.429e+00
3.508e+00
-2.516e+00
-1.115e+00
1.865e-01
3.422e+00
1.301e+00
-2.298e+00
4.092e-01
2.319e+00
3.682e+00
1.469e-01
-2.470e+00
1.194e+00
-2.190e+00
8.580e-01
-3.165e-02
1.877e+00
-4.865e-01
-2.709e+00
-2.938e-01
-1.529e+00
-1.983e-01
8.794e-01
3.633e-01
8.103e+00
-3.250e+00
1.595e+00
-3.500e-02
2.524e+00
1.047e+00
9.089e-02
-3.634e-01
7.183e-01
1.474e+00
-2.026e-01
1.404e+00
-6.033e-01
-2.518e-01
5.803e-01
-6.975e-01
-1.523e+00
-9.477e-02
-2.180e-01
1.295e+00
4.216e-01
-1.307e+00
-1.373e-01
4.157e-01
-1.902e+00
1.282e+00
3.075e+00
-3.470e+00
2.069e+00
4.666e-01
6.286e-01
2.627e+00
-2.908e-01
3.974e+00
-3.408e-01
-5.297e-01
-1.290e+00
-5.860e-01
-3.546e+00
-1.347e+00
-2.768e+00
-2.969e+00
1.020e+00
7.805e-01
1.034e+00
-1.480e+00
6.652e-01
-8.142e+00
-7.408e-01
-2.019e-01
-8.479e-03
4.211e-01
-3.723e-01
-2.382e-01
-6.927e-01
-8.096e-01
6.517e-01
-3.009e+00
-7.895e-01
1.015e-01
-1.465e+00
2.587e+00
-1.323e-01
1.199e+00
3.562e-01
1.400e+00
1.463e+00
2.188e-01
-3.718e-01
-6.298e-01
-1.606e+00
-1.162e+00
-1.020e+00
-6.670e-01
9.184e-01
-2.006e+00
4.774e-01
-2.701e-01
-8.089e-01
-2.479e-01
1.117e-01
-2.093e-01
1.348e+00
3.273e+00
-8.059e-02
7.532e-01
-1.069e+00
-2.143e+00
2.774e-01
-7.113e-01
4.509e-02
1.408e-01
3.157e-01
2.114e+00
2.751e+00
-1.827e+00
3.882e-01
-6.182e+00
-2.484e+00
-8.189e-01
6.760e-01
1.079e-01
3.710e-01
-1.027e+00
-7.390e-01
-2.505e-01
4.812e-01
9.863e-01
-6.981e-01
3.581e-01
-1.269e+00
-5.862e-02
-2.034e-01
2.553e-01
-1.260e+00
2.793e-01
4.788e-01
2.081e+00
-5.891e-01
3.368e-02
7.318e-01
5.125e-02
1.211e+00
-6.283e-01
-1.539e+00
-7.725e-01
-1.350e+00
-1.610e+00
-1.104e+00
1.686e+00
-9.773e-01
-6.590e-01
2.514e+00
-3.369e-01
-2.237e+00
5.562e-01
-2.422e+00
3.016e-01
-2.007e-01
1.837e+00
1.076e+00
-2.840e+00
-5.352e-01
1.040e+00
8.394e-01
2.917e-01
1.917e+00
-5.059e-01
-9.634e-01
-2.277e-01
4.294e-01
-5.984e-01
5.442e-01
4.191e-01
5.049e-02
-4.476e-01
5.261e-01
-1.640e+00
-2.013e-01
-3.206e-01
1.398e-01
-3.484e-02
8.404e-01
5.935e-01
3.667e-01
1.215e-01
2.248e-01
-2.443e-01
-1.048e+00
-6.690e-01
-2.217e-01
1.366e+00
-1.983e-01
-1.062e-01
-1.519e+00
4.417e-01
1.710e+00
1.336e+00
4.015e-01
1.646e+00
-6.900e-01
-7.907e-01
1.954e-01
-1.681e+00
-1.165e+00
-3.917e-01
6.758e-01
-2.756e-01
-2.549e+00
-3.641e+00
2.113e+00
4.489e+00
-9.264e-03
3.113e+00
9.170e-02
1.396e-01
-1.046e+00
-2.020e-01
-1.394e-01
6.551e-01
8.482e-02
-4.395e-01
1.946e-01
-1.786e-01
-1.226e+00
-6.201e-01
5.738e-01
2.079e-01
-9.421e-02
1.223e+00
2.689e-01
8.682e-01
8.218e-01
3.144e-01
1.019e-01
-1.556e+00
-4.180e-01
1.875e+00
6.061e-01
1.349e+00
3.390e-01
-3.986e-01
-2.187e+00
2.244e+00
1.431e+00
4.196e-01
7.078e-01
1.413e+00
1.626e+00
-2.594e+00
1.126e+00
-5.397e-01
-2.579e-01
4.516e-01
-1.476e+00
5.251e-01
-1.236e+00
-1.191e-01
4.804e+00
7.905e-01
1.211e+00
1.262e+00
-7.634e+00
6.798e-01
5.865e-01
-3.893e-01
-4.316e-01
-4.869e-01
4.836e-01
6.064e-01
-1.255e+00
1.674e+00
1.556e-01
1.275e-01
-2.904e-01
9.089e-01
8.548e-01
-4.620e-01
1.104e+00
1.550e-01
5.319e-02
-4.958e-01
2.282e-01
-1.200e+00
7.924e-01
-1.631e+00
3.280e-01
-1.433e+00
9.897e-01
1.525e+00
-3.126e+00
9.504e-02
2.983e+00
3.060e+00
-1.496e+00
-1.471e+00
6.438e-01
-2.884e+00
2.787e-01
1.578e-01
-9.853e-01
-7.030e-02
-3.537e+00
3.000e-01
1.110e-01
-1.987e-01
2.376e+00
5.008e-01
7.582e+00
4.611e-01
2.417e+00
-5.575e-01
-1.296e+00
3.450e-01
-7.484e-01
-1.350e+00
7.333e-03
1.585e+00
-4.389e-01
-7.343e-01
-5.671e-01
-7.839e-01
-2.537e-01
2.829e-01
1.994e+00
5.002e-01
-1.047e+00
-1.269e+00
-8.604e-01
1.940e+00
-3.533e-01
1.907e+00
-7.645e-01
-1.051e-01
5.109e-01
8.588e-02
4.069e+00
2.428e+00
2.592e+00
3.040e+00
-2.103e+00
2.204e+00
2.149e+00
4.300e-01
-2.134e+00
-1.180e+00
-1.459e+00
-1.583e+00
-1.696e+00
-3.083e+00
-7.780e-01
-1.686e+00
8.840e-01
-1.721e+00
1.069e+00
-8.434e+00
-5.540e-01
-3.333e+00
-9.906e-01
-8.127e-01
-1.381e+00
7.911e-02
-3.307e-01
-6.110e-01
1.149e+00
-1.283e+00
4.281e-01
2.086e+00
-1.344e-01
1.056e+00
-1.570e+00
-5.632e-01
2.342e-01
4.069e-01
-2.622e-01
7.144e-01
1.987e+00
9.868e-02
1.586e-01
1.048e+00
-2.334e+00
-2.143e+00
2.882e+00
-2.205e+00
-1.664e+00
-1.950e+00
-1.366e+00
-1.578e+00
-1.900e+00
-7.971e-01
3.004e+00
2.435e+00
-1.814e+00
2.455e+00
-1.434e+00
-2.540e+00
1.853e-01
-7.205e-01
-8.703e-01
-4.498e-03
1.085e-02
-8.250e-02
4.718e+00
-7.466e-01
2.431e+00
-8.248e+00
-2.327e+00
-4.088e-01
2.676e-01
6.228e-01
-2.367e+00
5.000e-01
2.522e-01
-1.111e+00
-2.590e-01
2.975e-01
1.822e-01
1.105e+00
-1.319e+00
-7.303e-01
-8.248e-02
-6.057e-01
8.587e-01
4.926e-01
-4.323e-01
2.104e+00
1.648e+00
-4.473e-01
5.374e-01
-8.126e-01
6.901e-01
2.072e-01
-1.583e+00
4.572e-01
-1.606e+00
-1.159e+00
-1.990e+00
2.300e+00
-4.967e-01
-3.348e-01
2.171e+00
3.199e-01
-2.507e+00
6.717e-01
-1.274e+00
-3.990e-01
4.011e-01
3.576e+00
2.035e+00
-1.117e+00
7.526e-02
2.483e+00
1.938e+00
7.570e-01
1.225e+00
7.217e-01
-1.087e+00
-8.116e-01
2.090e+00
-4.743e-01
-1.138e+00
1.981e-01
-4.943e-01
2.746e-01
-2.965e-01
-1.083e+00
-2.037e-01
2.728e-02
5.623e-02
8.670e-01
-5.546e-01
-3.276e-03
-4.671e-01
1.809e+00
1.654e-02
