9.520e-03
-2.118e-02
4.636e-02
3.159e-03
1.116e-02
4.110e-02
-6.520e-03
2.625e-03
7.195e-02
1.880e-03
3.086e-01
1.151e-01
2.868e-02
-4.006e-01
-1.098e+00
9.561e-01
-1.237e+00
-4.888e-01
1.444e+00
-4.929e-01
-1.185e+00
-1.254e+00
-2.086e+00
2.549e+00
1.997e+00
2.987e+00
2.086e+00
-5.143e-01
-5.689e-02
5.149e-01
7.387e-01
-5.798e-01
-7.402e-01
3.267e-01
3.765e-01
7.481e-01
2.609e-01
1.087e-02
-4.623e-01
2.406e-01
1.816e-01
-6.327e-01
-1.398e-01
-4.759e-01
-7.885e-01
1.704e-01
1.611e-01
1.656e-01
-8.924e-02
-5.235e-01
-7.601e-01
2.394e-02
-2.319e-02
-9.286e-01
-2.420e-01
5.097e-01
1.368e+00
-1.756e-01
2.602e-01
-3.258e+00
2.945e+00
1.925e+00
-1.486e+00
2.770e+00
2.052e+00
2.668e+00
3.848e-01
-7.245e-01
-2.070e+00
1.047e+00
5.731e+00
1.429e+00
4.540e-01
8.118e-01
-4.259e+00
-1.114e+00
6.826e-01
1.695e+00
5.087e-01
-1.485e+00
1.279e+00
6.324e-01
-7.735e-01
-1.009e-01
9.593e-01
-5.567e-01
-2.997e-01
8.010e-02
1.936e-01
-7.787e-01
-8.911e-01
-3.101e-03
6.390e-01
1.639e+00
-3.105e-01
1.374e+00
5.904e-01
-1.186e+00
6.467e-01
8.109e-01
2.055e+00
-1.341e+00
-1.086e+00
-3.410e-01
2.776e+00
2.659e+00
2.092e+00
4.208e-01
-9.947e-01
2.428e+00
-9.294e-01
2.119e-01
3.338e+00
9.520e-01
-2.931e+00
-1.148e+00
-1.369e-01
1.029e+00
2.167e+00
3.120e-01
6.781e+00
9.330e-02
7.964e-01
1.571e+00
5.907e-01
-9.382e-01
7.740e-01
-3.632e-01
-8.180e-01
2.669e-01
-1.056e+00
-7.698e-01
1.121e+00
-1.109e-01
-1.706e+00
2.029e+00
-3.802e-01
-1.179e+00
-1.605e-01
-1.466e+00
-3.953e-01
-6.967e-01
4.041e+00
-1.236e+00
2.077e-01
2.274e-01
5.605e-04
3.293e-01
3.997e-02
1.221e-01
4.208e-02
-5.037e-01
-2.521e-01
9.463e-01
6.008e-01
-1.946e+00
-3.365e-01
9.265e-01
-2.586e+00
-2.049e+00
7.749e-01
-1.880e+00
2.973e-01
4.452e+00
-1.037e+00
1.253e+00
-1.937e+00
2.603e+00
-9.587e-01
4.361e+00
-6.065e-01
1.639e+00
3.934e-01
7.620e-01
5.313e-01
1.966e-01
6.220e-01
-3.446e-01
-4.564e-01
1.490e+00
6.191e-01
6.767e-01
-7.951e-01
-1.465e+00
-4.174e-01
-9.773e-01
-1.049e+00
-7.879e-01
-1.349e+00
6.063e-02
-6.298e-01
-2.440e+00
6.103e-02
1.332e-01
3.346e-03
-1.093e-02
3.180e-02
6.532e-03
-3.660e-02
-3.989e-02
-1.106e-01
-9.710e-02
2.243e-01
2.566e-01
6.719e-01
5.507e-02
-4.994e-02
2.358e-02
-3.259e-01
-4.109e-02
-1.348e+00
1.037e+00
1.242e+00
-5.642e-02
7.621e-01
1.626e+00
-1.475e+00
7.121e-01
-5.850e-01
2.212e+00
5.015e-01
1.166e+00
-7.312e-01
-7.699e-01
9.464e-01
-4.785e-01
-1.352e+00
7.151e-01
-6.924e-01
-5.980e-01
7.016e-01
-4.944e-01
5.880e-01
1.751e+00
-4.217e-01
3.990e-02
-7.984e-01
1.297e-01
-2.711e-01
-1.025e+00
-5.065e-03
-1.308e-02
3.718e-02
1.092e-02
8.598e-03
-4.327e-02
3.042e-02
-6.612e-02
-3.142e-02
-3.642e-02
2.811e-02
3.914e-02
2.922e-02
2.110e-01
-1.262e-01
-7.694e-01
1.420e+00
-1.464e+00
-4.478e-01
4.384e-01
4.533e-01
1.936e+00
-1.899e+00
-3.395e+00
1.153e+00
2.799e+00
-2.286e-01
3.584e+00
-8.167e-01
-2.241e+00
-6.427e-01
-1.029e-01
-6.951e-01
1.464e+00
5.662e-01
1.251e-01
-1.023e+00
9.958e-01
-2.465e+00
-1.244e+00
1.446e-01
1.035e-01
6.375e-01
3.517e-01
2.706e-01
-7.004e-01
1.509e+00
7.731e-01
1.465e-01
-1.203e-01
-1.719e-02
1.531e-01
-2.720e-01
-2.579e-01
-3.197e-02
5.495e-01
-2.347e-01
-6.566e-01
-7.868e-01
3.546e-01
1.694e+00
6.036e-01
-1.568e+00
-4.881e-01
-4.616e-02
-3.142e+00
1.370e+00
1.198e+00
1.120e+00
-1.411e+00
-7.997e-01
3.637e+00
9.596e-01
-1.120e+00
7.628e-01
-2.185e+00
-1.805e+00
4.869e-01
-1.356e-02
-2.540e+00
-1.346e+00
1.063e+00
1.034e+00
7.618e-01
1.074e+00
1.919e+00
-3.511e-01
-2.008e+00
7.221e-01
6.563e-01
-7.669e-01
9.077e-01
-1.068e+00
4.781e-01
-8.746e-01
3.836e-01
-8.330e-01
-2.208e-01
1.098e+00
-3.498e-01
1.118e+00
-2.240e-02
-4.138e-01
-1.226e+00
-5.336e-01
1.600e+00
1.086e+00
6.483e-01
1.018e+00
3.229e+00
-1.252e+00
-2.377e-01
3.783e-01
2.691e+00
1.100e+00
2.572e-01
9.091e-01
4.374e-01
3.325e+00
3.907e-01
4.446e-01
1.648e-01
-4.118e+00
-7.395e-01
-5.379e-01
2.758e-01
-1.332e+00
2.398e-01
3.628e-01
-1.679e+00
-4.212e-01
5.711e-01
-3.419e-01
-5.448e-01
1.182e-01
4.228e-03
-2.384e+00
-5.683e-01
1.193e+00
5.236e-01
1.055e+00
8.471e-02
-1.366e+00
-2.163e+00
6.137e-01
4.721e-01
4.717e-01
5.144e-01
1.321e+00
6.728e-01
-5.419e-01
-9.865e-02
1.328e+00
8.792e-01
1.498e+00
-1.918e-01
8.275e-02
1.381e+00
-2.255e+00
9.303e-01
2.631e+00
2.922e-01
-9.655e-01
-4.011e-01
-2.178e+00
9.966e-01
2.516e+00
1.616e-01
5.102e+00
8.964e-01
1.281e+00
-6.149e-01
1.280e-01
-3.788e-01
-9.893e-01
1.021e+00
-8.405e-01
-9.950e-02
-4.472e-02
3.396e-01
-2.283e+00
5.859e-01
8.333e-01
-5.686e-01
-1.189e+00
-2.195e-01
-1.909e-01
1.099e+00
1.208e+00
-4.871e-01
6.647e-01
6.273e-01
3.930e-01
-8.347e-02
2.281e-01
4.186e-01
1.599e-01
3.117e-01
6.424e-01
8.146e-02
6.214e-01
-2.993e-01
1.273e-01
-5.735e-01
-7.162e-01
-3.559e-01
-1.306e+00
-6.692e-01
-2.673e+00
-9.042e-01
-2.196e+00
3.987e-01
4.401e-01
4.495e-01
-2.519e+00
6.776e-01
-4.913e-01
2.293e+00
-5.940e-01
1.538e+00
-2.393e-01
7.376e-01
1.487e+00
-2.332e-01
1.468e+00
1.872e+00
2.903e-01
2.256e+00
7.604e-01
1.240e+00
5.906e-01
-8.419e-01
9.182e-01
-8.621e-01
4.535e-01
-1.062e+00
-1.579e+00
-1.241e+00
2.537e-01
-1.352e+00
1.383e-01
3.097e-01
4.011e-01
7.603e-02
-6.781e-01
2.252e-01
4.394e-01
1.025e+00
-7.687e-01
1.196e+00
1.078e+00
4.604e-01
1.720e+00
-1.751e+00
-6.650e-01
-1.272e+00
-1.720e+00
2.336e+00
-7.537e-01
-3.733e-01
1.706e-01
1.227e+00
3.658e+00
7.708e-01
2.439e-01
7.492e-01
-5.623e-01
4.736e+00
1.613e+00
1.248e+00
-2.051e+00
3.786e-01
-2.148e+00
-1.454e+00
5.843e-01
1.656e+00
1.846e+00
-1.274e+00
1.989e+00
5.958e-01
1.808e+00
-1.946e+00
-2.317e+00
-6.390e-01
5.153e-01
-4.806e-01
1.461e+00
3.316e-01
-4.095e-01
2.725e-01
4.799e-01
-1.948e-01
2.670e-01
4.187e-01
1.645e-01
1.139e-01
2.409e-01
-2.253e-01
5.281e-01
-2.627e-02
-2.812e-01
1.223e+00
1.224e+00
-1.648e+00
2.060e+00
-3.594e-01
-5.293e-01
-1.096e+00
1.489e+00
3.249e+00
-1.791e+00
-1.830e+00
1.423e+00
1.360e+00
8.839e-03
1.932e+00
-1.231e+00
-2.188e-01
1.216e-01
-2.891e-01
-3.267e-01
8.412e-01
2.375e-01
1.725e-01
4.244e-01
1.139e+00
-8.920e-01
4.102e-01
6.431e-01
7.261e-01
4.125e-01
-7.067e-01
-3.799e-01
-3.374e-01
4.294e-01
5.186e-01
-7.935e-02
9.745e-02
-4.618e-02
-6.722e-02
1.807e-02
-1.132e-01
-2.555e-02
1.626e-01
-2.979e-01
3.659e-01
-3.497e-01
2.304e-01
4.797e-01
3.669e-01
-2.328e-01
-8.605e-01
4.082e-01
-4.831e-01
7.233e-01
4.775e-02
4.863e-01
-5.505e-01
-1.520e+00
1.132e+00
2.744e-01
1.052e+00
1.747e+00
-8.951e-01
-8.003e-01
5.031e-01
6.271e-02
4.067e-02
-1.630e+00
-1.089e+00
1.995e+00
-1.896e-03
-3.750e-02
1.160e+00
2.258e-01
-8.089e-01
-6.987e-01
-3.177e-03
-7.981e-01
-2.145e-01
3.003e-01
1.129e+00
-1.759e-01
5.960e-01
-6.170e-02
6.572e-01
-3.215e-01
2.498e-02
3.433e-01
1.181e+00
-9.377e-01
-6.930e-02
-1.075e+00
1.143e+00
2.320e+00
-5.207e-01
1.191e+00
1.700e+00
-9.679e-01
4.343e-01
-1.494e+00
1.473e+00
-5.919e-02
8.014e-01
-6.360e-01
6.956e-01
3.571e+00
1.014e+00
-7.754e-02
4.685e-01
-3.402e+00
-3.577e-01
1.688e-01
1.983e-01
-1.289e+00
-5.219e-02
3.758e-02
8.622e-02
-8.737e-01
1.215e+00
9.292e-01
9.360e-01
8.403e-01
-1.967e+00
7.582e-02
1.734e-01
-1.487e+00
-2.326e-01
4.150e-01
9.913e-01
-8.364e-01
2.172e-03
-2.401e-02
1.182e+00
-8.313e-01
-6.537e-02
2.367e-01
1.605e+00
-9.229e-01
-1.313e+00
9.932e-01
6.651e-01
8.837e-01
-1.110e+00
-8.238e-01
1.146e+00
-7.873e-01
2.353e+00
2.085e-01
2.667e-02
-3.171e+00
-7.784e-02
-2.937e-01
-5.996e-01
1.843e+00
2.166e-01
5.380e+00
3.391e-01
1.273e+00
4.022e-01
6.308e-01
8.543e-01
-2.605e-01
-4.169e-01
4.543e-01
-1.467e-01
-1.819e-01
-8.487e-01
2.651e-02
-3.501e-01
4.485e-02
1.502e-01
-4.273e-01
-6.958e-01
-3.684e-01
9.583e-02
-1.197e-01
6.084e-01
3.219e-02
-2.249e-01
-2.959e-01
-1.565e-01
-5.845e-02
6.288e-01
2.398e-01
1.468e-01
2.425e-01
3.003e-01
9.265e-02
-2.911e-01
6.998e-01
3.678e-01
1.002e-01
3.717e-01
-5.713e-01
-1.178e+00
-1.080e+00
-1.035e+00
-3.411e-01
-9.782e-02
2.408e-01
-5.793e-01
-3.920e-01
3.024e-01
-7.279e-01
3.364e+00
2.013e-01
1.949e+00
-1.131e+00
1.537e+00
-9.239e-01
4.413e-01
-1.444e-01
1.404e-01
-1.865e-01
9.963e-01
-3.715e-01
1.279e+00
-2.343e-01
3.225e-01
4.605e-01
-1.051e+00
4.605e-01
1.183e+00
-2.094e+00
-6.128e-01
2.285e+00
-1.292e+00
8.273e-02
1.562e-01
1.478e-01
3.232e-01
-1.705e-01
1.267e-01
-2.316e-01
-2.378e-01
-4.476e-01
1.478e-01
3.421e-01
4.816e-01
2.369e-01
2.189e-01
1.094e-01
-1.007e-01
-8.324e-01
5.964e-02
-1.340e+00
4.876e-01
-2.446e+00
-1.905e-01
2.845e-01
2.999e-01
-7.992e-02
5.470e-01
-2.683e-01
2.537e+00
-2.981e-01
8.803e-02
-1.664e+00
2.522e+00
-2.965e-01
-1.016e+00
-3.934e-01
1.219e+00
2.167e+00
-1.214e+00
3.498e-02
-1.371e+00
1.198e+00
-1.194e+00
-7.255e-01
1.631e+00
-7.430e-01
-4.791e-01
1.175e+00
-3.850e-01
2.077e+00
-4.344e+00
2.909e+00
3.776e-01
3.435e-01
7.771e-01
1.193e+00
-5.231e-01
4.556e-01
-1.253e+00
1.014e+00
1.765e+00
-2.205e-01
1.096e+00
2.753e+00
-8.143e-01
2.010e+00
-9.184e-01
-9.564e-01
-3.514e-01
1.040e+00
1.557e+00
-1.035e+00
6.069e-01
1.692e+00
-4.461e-01
1.901e+00
1.917e+00
-1.799e+00
6.212e-01
1.565e-01
-1.410e-01
-5.892e-01
1.338e+00
-2.462e-02
-4.048e-01
-1.082e-01
2.189e-01
-8.597e-01
-1.100e+00
2.166e-01
-2.283e-01
1.618e-01
-1.109e+00
7.772e-01
-1.471e+00
5.443e-01
7.157e-01
1.282e-01
2.242e-01
1.488e-01
-6.719e-02
-4.491e-02
4.437e-01
-5.170e-02
-4.545e-01
4.573e-01
1.297e+00
7.561e-01
6.684e-01
3.823e-01
-3.799e-01
-6.097e-02
8.114e-02
-1.602e+00
5.120e-02
-7.552e-01
1.716e+00
-5.659e-01
2.166e-01
-6.738e-01
2.788e+00
9.189e-01
-2.599e+00
7.313e-01
2.703e+00
-1.407e+00
4.845e-01
2.801e-01
3.495e-02
6.801e-02
4.306e-01
3.264e-01
1.945e-01
2.399e-01
6.550e-01
5.758e-01
5.647e-01
1.245e-01
2.908e-01
-3.037e-01
6.271e-02
-1.229e-01
-6.849e-01
-2.277e-01
6.811e-01
-7.252e-01
-1.017e+00
1.118e+00
2.285e+00
-2.193e-02
7.310e-01
1.249e+00
-1.893e+00
6.376e-01
1.629e+00
1.860e+00
-3.166e-02
6.561e-01
-4.263e-01
-8.633e-01
7.173e-01
-2.666e-01
2.039e-01
1.425e+00
-8.919e-01
-1.148e+00
-8.310e-02
4.415e+00
6.263e-01
3.845e-01
6.800e-01
-5.268e+00
6.858e-01
-7.492e-01
-4.918e-01
-1.495e+00
-5.383e-01
5.981e-01
-8.594e-01
-2.074e-01
-5.847e-01
9.642e-01
-9.355e-01
-1.635e+00
-2.954e-01
7.090e-01
-5.824e-01
1.930e-01
-1.340e+00
2.694e+00
-3.754e-02
2.382e-01
6.235e-01
-4.631e-01
9.262e-01
-3.882e-01
4.008e-01
-2.973e-01
9.930e-01
-6.133e-01
-1.671e+00
3.433e-01
6.197e-01
5.747e-01
-7.083e-01
5.409e-01
1.629e+00
-2.391e-01
2.488e+00
2.123e+00
1.252e+00
-1.388e+00
9.962e-02
-6.464e-01
5.715e-01
1.112e+00
8.191e-01
4.499e+00
3.925e-01
2.943e+00
9.573e-01
1.842e-01
-6.363e-01
4.330e-01
5.502e-02
1.201e+00
6.147e-01
2.714e-01
-5.367e-01
1.137e+00
4.515e-01
2.582e-01
-1.792e+00
-6.498e-01
5.483e-01
2.505e-01
1.166e+00
1.932e+00
-5.728e-01
2.332e-01
5.788e-01
8.051e-01
-9.469e-01
2.475e-01
6.416e-01
-1.216e-01
3.610e-01
1.365e+00
-6.038e-01
9.667e-01
-2.826e-01
9.147e-01
-5.177e-01
-1.522e+00
-1.198e+00
-8.577e-01
-7.656e-01
-2.352e+00
-2.485e-01
3.065e-01
1.060e+00
5.639e-03
4.213e-01
-8.605e-01
-9.757e-01
-1.117e+00
4.168e+00
-6.994e-02
6.960e-01
-1.692e-01
1.959e+00
6.276e-01
-2.335e-01
2.899e-01
-5.489e-01
1.650e+00
9.648e-01
-2.396e-01
7.599e-01
3.896e-01
-2.838e-01
-2.616e-01
-1.490e+00
-2.464e-01
-8.074e-01
-1.707e+00
-1.803e-01
7.670e-01
2.080e-01
-2.030e+00
-2.323e+00
-6.107e-01
-5.132e-01
-3.152e+00
-1.579e+00
-5.745e-01
-1.384e+00
-2.944e+00
-1.193e+00
1.200e+00
2.395e+00
9.403e-01
-2.088e+00
2.749e-02
-1.285e+00
-1.059e+00
3.686e+00
-1.175e+00
3.511e-01
-2.079e-01
8.286e-02
3.018e+00
-1.444e-01
-4.226e-01
1.148e+00
-5.942e-01
6.781e+00
7.188e-01
-5.124e-02
-1.089e-01
-2.528e-01
8.656e-01
1.424e-01
-4.274e-01
-8.630e-01
-3.787e-01
-5.769e-01
6.830e-01
6.428e-01
-7.021e-01
-1.022e+00
3.329e-02
-5.173e-02
-9.441e-02
-9.740e-01
-5.932e-01
-7.015e-01
-5.858e-01
3.035e-01
7.345e-01
1.530e+00
2.732e-01
-1.229e+00
-8.026e-01
-4.474e-01
-6.708e-01
-5.634e-01
1.165e+00
-1.326e+00
-7.245e-01
1.646e+00
9.309e-02
-1.286e+00
1.132e+00
-9.038e-01
7.030e-01
-5.521e-01
6.542e-01
2.133e+00
-1.585e+00
3.133e+00
2.005e+00
1.200e+00
1.451e+00
-6.663e-02
-3.128e-01
-1.371e-01
-3.145e-01
3.639e-01
-2.697e-01
3.555e-01
-7.209e-02
-2.390e-01
-2.219e-01
-4.189e-01
4.778e-01
-5.023e-01
2.383e-01
-6.681e-01
1.530e-01
-6.461e-01
3.051e-01
-2.126e-01
7.463e-02
-2.118e-01
1.839e-01
-7.690e-01
-1.857e+00
-5.277e-01
2.023e+00
-2.625e-01
8.098e-02
-7.487e-01
6.607e-01
1.510e+00
4.873e-01
1.280e-01
1.255e+00
-6.578e-01
-1.281e+00
4.512e-01
-6.388e-01
1.483e-01
2.074e-01
-2.120e-01
-2.495e+00
-1.026e+00
-7.322e-01
2.746e+00
6.253e-01
-3.819e+00
6.166e-02
-3.247e+00
3.021e-01
9.836e-01
2.211e+00
-7.457e-02
-3.008e-01
-5.586e-01
6.272e-01
-5.902e-01
-1.362e+00
1.619e+00
1.516e+00
1.758e-01
-4.825e-01
-7.419e-01
1.118e+00
1.059e+00
-2.901e-01
-5.534e-01
7.278e-01
7.947e-02
-2.866e-01
-6.554e-01
3.194e-01
1.474e+00
6.495e-02
3.288e-01
1.756e+00
-2.296e+00
-2.213e-01
7.893e-01
7.758e-01
7.095e-01
1.049e+00
1.260e+00
-1.148e+00
7.365e-01
-1.165e+00
1.022e+00
-1.984e+00
-2.321e-01
-1.483e+00
8.270e-01
5.183e+00
1.476e-01
1.632e+00
1.040e+00
-4.313e+00
1.030e-01
6.544e-02
2.007e-01
1.137e+00
7.159e-01
2.417e-01
1.887e-01
-7.999e-01
-2.007e+00
1.195e+00
-2.469e-02
-1.614e+00
5.550e-01
-1.367e+00
-5.132e-01
-1.490e-01
1.023e+00
1.935e+00
-9.005e-01
-4.299e-01
-1.061e+00
-1.308e+00
-3.950e-01
-4.737e-01
-6.356e-01
-2.590e+00
5.333e-01
7.810e-01
-7.855e-01
7.055e-01
1.187e+00
6.380e-01
-8.846e-01
-1.013e+00
1.754e+00
-8.764e-01
1.653e+00
3.267e-01
1.472e+00
-3.371e+00
-4.271e-01
-8.215e-01
1.280e+00
1.818e+00
2.497e-02
5.174e+00
1.687e-01
1.085e+00
-1.097e+00
2.420e-01
2.031e+00
-1.222e+00
3.677e-01
-5.046e-01
-1.506e-01
8.003e-01
5.135e-01
-4.147e-01
1.036e+00
-1.086e+00
7.144e-02
2.129e-01
-1.602e+00
-8.712e-01
1.334e-01
-3.200e-03
-3.703e-02
1.677e-01
5.508e-01
1.719e+00
1.404e-01
-1.572e+00
8.374e-01
-1.104e+00
2.997e-01
1.424e+00
6.280e-01
1.677e+00
-7.756e-01
2.271e+00
-1.678e+00
-1.625e+00
-2.368e-01
-1.680e+00
-9.382e-01
-9.761e-01
-1.589e+00
-1.501e+00
1.756e+00
4.672e-02
5.587e-01
-5.447e-01
-4.254e-01
-1.017e-01
6.148e+00
8.061e-01
6.886e-01
-2.271e-01
-5.819e-01
8.213e-01
-1.272e+00
-1.704e-01
-9.419e-01
-3.114e-02
8.715e-01
1.985e-01
3.007e-01
4.210e-01
1.937e-01
9.938e-01
-3.703e-02
-5.601e-01
9.868e-01
-9.318e-01
7.540e-01
-5.826e-01
-1.078e+00
6.866e-02
-3.005e-01
-1.082e+00
1.548e-01
-5.076e-01
-2.095e+00
-4.148e-01
-6.861e-01
-1.054e+00
4.966e-02
2.589e+00
2.822e+00
9.717e-01
-2.492e-01
9.164e-01
-4.829e-01
-8.717e-01
1.648e+00
-1.225e+00
3.295e-01
-2.255e-01
1.102e+00
3.608e+00
1.477e-01
-1.693e-01
1.967e+00
-1.167e-01
4.261e+00
-3.151e-01
8.058e-01
7.083e-01
8.761e-01
3.215e-01
-2.962e-01
-1.747e-01
1.243e+00
1.447e+00
5.942e-02
5.033e-01
1.258e+00
-5.628e-01
6.889e-01
-5.411e-02
-1.278e+00
1.422e+00
5.976e-01
-5.206e-01
-1.478e+00
-4.150e-02
1.617e-01
6.357e-02
3.329e-01
4.820e-01
-4.800e-01
4.952e-01
-3.929e-01
5.278e-01
-1.199e+00
8.182e-01
1.409e+00
-1.157e+00
4.174e-01
2.179e+00
8.825e-02
1.485e+00
2.053e-01
3.625e-01
1.324e+00
1.224e+00
2.404e+00
-1.272e-01
3.415e-02
1.967e+00
-5.751e-01
1.189e+00
7.825e-02
-6.801e-01
7.594e-01
-6.932e-01
1.835e+00
2.509e-01
-5.170e-02
-6.962e-02
-5.130e-01
-3.825e-01
-8.597e-01
-1.272e+00
7.566e-01
5.713e-01
-8.055e-02
9.594e-01
-6.541e-01
5.383e-01
-9.583e-02
7.921e-01
-2.432e-01
