-1.573e-02
1.818e-02
1.448e-02
-4.147e-05
-3.407e-02
-5.282e-02
1.613e-02
-2.863e-02
1.044e-02
-5.314e-03
-9.878e-03
1.600e-02
3.454e-02
-3.069e-01
6.942e-02
-1.686e-01
9.793e-03
1.476e-01
-2.893e-02
3.276e-02
-1.164e-02
3.664e-02
1.596e-02
1.008e-01
1.280e-03
-3.543e-02
-1.607e-02
-1.673e-03
-7.263e-02
6.687e-02
9.097e-02
-6.512e-05
2.597e-02
-2.755e-02
1.772e-02
5.145e-02
2.827e-03
-3.207e-02
1.237e-02
1.666e-01
2.797e-01
1.949e-01
1.431e-01
3.320e-02
-6.541e-03
-9.181e-02
3.087e-02
-8.498e-02
1.805e-02
-3.135e-02
-1.571e-02
-1.962e-02
2.314e-02
1.142e-02
-6.730e-02
-5.174e-02
2.739e-02
3.302e-02
1.665e-02
1.213e-02
-6.917e-02
-7.205e-03
-1.054e-02
6.522e-03
-6.824e-03
-4.722e-03
-1.574e-03
3.900e-01
-1.143e-02
5.724e-02
2.901e-03
-4.545e-03
2.463e-03
1.256e-01
1.402e-01
-3.553e-02
7.780e-02
5.893e-02
1.218e-04
3.739e-03
1.345e-02
-1.218e-01
7.335e-02
-7.653e-03
3.400e-02
-1.364e-01
1.352e-02
3.774e-02
3.792e-02
2.762e-02
9.957e-03
-2.616e-02
-3.310e-03
3.626e-02
2.574e-02
-6.746e-05
4.803e-02
2.191e-02
-6.120e-03
-4.583e-01
-3.352e-02
-9.639e-03
1.764e-02
-4.628e-03
2.588e-03
-7.890e-02
6.516e-02
-1.093e-02
-2.411e-02
1.882e-02
-6.312e-02
-1.333e-02
-2.635e-02
6.664e-03
-4.009e-02
1.025e-02
2.105e-01
-4.087e-03
-2.294e-02
3.784e-02
9.786e-02
2.345e-02
2.941e-02
-3.612e-02
2.964e-02
5.822e-02
-1.890e-02
-1.210e-01
2.341e-02
7.553e-04
3.312e-01
-4.272e-02
1.580e-01
-6.489e-02
1.325e-01
-6.374e-02
-2.392e-02
-3.823e-01
-3.192e-02
7.437e-02
-1.142e-01
3.104e-02
-9.972e-02
-5.516e-02
-7.224e-02
-1.149e-01
2.900e-02
2.596e-02
-7.694e-03
-5.822e-02
-1.013e-03
1.214e-01
-1.934e-02
-5.679e-02
-1.152e-03
7.408e-04
1.267e-02
-1.833e-01
-2.206e-03
3.647e-03
-2.430e-03
8.640e-02
-1.298e-02
6.130e-03
-1.742e-02
-4.153e-02
1.092e-01
-5.937e-02
-3.080e-02
-4.965e-03
-3.838e-03
2.952e-02
-9.913e-03
2.675e-01
2.064e-02
4.541e-02
-8.901e-03
-8.581e-04
-8.471e-03
1.338e-01
-8.159e-02
-7.822e-03
1.398e-02
6.102e-01
1.941e-02
1.280e-02
-5.750e-02
-1.224e-01
8.208e-03
8.254e-02
3.957e-02
-2.128e-02
-1.248e-01
3.132e-02
1.704e-03
-2.928e-02
-1.123e-01
-8.471e-04
5.075e-02
-3.553e-02
2.129e-01
2.668e-02
-2.945e-02
1.557e-01
-7.904e-02
-5.211e-02
-1.795e-01
-8.897e-03
1.293e-02
-1.501e-01
2.863e-03
2.829e-02
-2.026e-05
3.561e-02
-1.255e-02
1.456e-02
8.803e-02
8.746e-02
1.284e-02
-1.286e-02
-4.745e-02
2.659e-04
2.119e-02
2.132e-01
-1.897e-02
2.142e-03
8.822e-03
-9.719e-03
5.808e-03
5.856e-03
-2.656e-02
-5.104e-02
-1.664e-02
2.869e-02
8.647e-03
-1.889e-01
-7.670e-02
-3.117e-02
-3.969e-02
-2.664e-02
-1.896e-03
-2.788e-02
-3.164e-01
-7.230e-03
1.012e-01
5.248e-02
-4.104e-02
2.234e-01
-7.583e-02
-6.342e-02
-1.879e-01
-6.191e-02
2.625e-03
-6.611e-03
-2.720e-02
-1.421e-02
-2.853e-02
-6.374e-03
-2.449e-02
-1.411e-01
2.021e-02
3.329e-03
1.745e-02
2.117e-04
-8.438e-03
-5.937e-03
-2.396e-02
-9.768e-03
-1.798e-02
1.304e-01
-1.228e-01
1.926e-02
-4.261e-02
3.939e-02
-4.948e-02
-3.012e-01
-6.242e-03
4.086e-02
-9.306e-02
3.635e-02
1.178e-01
-4.016e-01
-3.566e-02
5.432e-03
-1.956e-02
4.418e-02
-1.817e-02
-1.577e-02
1.902e-02
-3.200e-02
-5.434e-02
-9.595e-02
7.915e-02
-2.034e-02
4.798e-01
-5.458e-03
-1.206e-01
2.624e-01
-1.725e-02
6.358e-03
-3.762e-01
-1.062e-01
3.693e-02
8.695e-02
5.898e-02
2.091e-02
2.685e-02
-7.731e-02
-4.452e-02
1.103e-02
-3.761e-02
-7.347e-02
-2.982e-01
1.714e-02
-3.536e-02
-1.173e-02
1.901e-02
9.314e-04
-1.628e-02
1.894e-02
-3.234e-02
2.845e-02
-1.965e-01
-5.043e-02
9.354e-02
-2.861e-02
5.023e-02
1.322e-02
1.634e-01
-1.437e-02
1.042e-02
-7.175e-03
-2.910e-02
7.547e-02
7.451e-03
-6.408e-04
1.484e-01
2.135e-01
6.878e-02
-6.660e-02
-1.343e-03
-1.348e-02
-7.766e-02
-4.054e-02
5.138e-03
-1.423e-01
1.321e-01
-4.238e-02
6.231e-02
-1.200e-02
-1.752e-02
-4.518e-02
-3.708e-02
-2.885e-02
-9.985e-02
-2.846e-02
-7.265e-02
3.869e-02
1.964e-02
-1.315e-02
-9.764e-02
2.926e-03
1.636e-02
-3.616e-02
7.090e-02
-2.140e-03
2.448e-02
2.142e-01
-5.679e-02
1.039e-03
-1.048e-02
3.662e-02
5.093e-02
1.769e-02
6.230e-02
7.002e-03
-1.187e-01
1.002e-02
-1.425e-02
-3.159e-01
1.275e-02
5.222e-02
-4.778e-02
1.390e-02
-5.457e-02
-4.449e-02
-3.131e-02
-3.758e-04
8.013e-03
-2.104e-02
4.426e-03
1.392e-02
3.154e-02
-6.183e-03
1.020e-01
1.005e-01
2.138e-01
-2.739e-02
4.219e-02
-4.156e-02
4.192e-02
-5.811e-02
-8.116e-02
1.211e-01
2.866e-02
-1.537e-02
1.837e-02
2.751e-02
-2.365e-01
-1.516e-01
-1.063e-02
1.813e-04
-3.656e-02
-2.254e-01
1.616e-03
7.938e-03
-3.970e-03
5.130e-04
-2.605e-03
-3.374e-02
3.709e-02
2.959e-01
-2.918e-02
1.143e-01
-1.349e-02
-4.961e-03
6.535e-04
-1.018e-01
3.791e-02
-2.272e-03
4.094e-02
1.170e-02
-6.004e-02
-1.574e-01
4.984e-02
1.983e-03
9.405e-03
-4.530e-02
1.747e-01
4.273e-02
7.372e-03
5.024e-02
2.084e-03
2.403e-02
3.114e-02
1.406e-02
7.494e-03
8.303e-03
7.380e-02
3.496e-03
5.197e-02
2.335e-02
4.987e-02
-4.553e-02
-2.994e-02
4.830e-03
2.050e-02
-1.266e-01
2.885e-02
-1.327e-02
-2.476e-03
-3.271e-02
-1.315e-02
7.962e-04
4.022e-02
-5.840e-02
4.765e-02
-3.120e-03
4.503e-03
-7.563e-03
5.234e-02
-1.706e-02
-2.879e-01
3.214e-02
2.115e-02
7.007e-02
-7.813e-02
-2.263e-03
-8.911e-02
-6.272e-02
2.240e-02
4.701e-02
3.626e-04
-7.675e-02
9.016e-03
-3.685e-01
1.543e-01
4.631e-02
-4.459e-02
-2.889e-02
5.901e-02
-2.178e-03
9.563e-02
-6.188e-02
-7.327e-02
1.070e-01
-1.001e-02
7.608e-03
-2.106e-02
2.588e-03
8.921e-02
3.058e-04
-1.063e-02
-4.189e-02
1.029e-02
-7.240e-03
8.991e-03
1.324e-01
7.570e-03
6.414e-02
-2.056e-02
9.209e-03
-1.145e-01
-7.771e-02
-1.022e-01
3.999e-02
2.439e-02
1.378e-01
1.175e-02
-2.307e-03
-1.756e-02
1.692e-01
-1.077e-01
1.300e-01
1.969e-02
1.059e-01
-9.225e-01
-9.784e-03
-2.503e-03
7.857e-04
-2.476e-02
-2.997e-02
2.739e-02
-2.375e-02
1.645e-02
-6.118e-02
2.235e-02
4.990e-03
3.974e-03
5.313e-02
-1.443e-03
2.990e-02
-2.848e-02
-1.278e-01
-3.350e-03
2.729e-03
2.232e-02
-2.980e-04
1.788e-02
-6.414e-02
2.106e-03
1.326e-01
5.149e-03
-1.394e-02
-4.928e-02
-9.970e-02
-1.053e-02
9.347e-02
4.239e-01
8.422e-03
-2.349e-02
1.262e-01
1.501e-02
6.946e-02
-1.078e-02
-1.415e-01
9.884e-03
2.625e-04
-2.355e-02
-1.674e-02
1.585e-03
-2.867e-03
-1.537e-03
-2.670e-02
2.843e-02
4.280e-02
6.090e-02
-7.534e-02
1.104e-02
1.197e-01
4.186e-02
-8.281e-02
1.244e-02
4.806e-02
-2.968e-02
-9.976e-02
2.701e-03
1.206e-01
6.576e-01
-9.871e-04
6.852e-02
2.272e-01
1.321e-01
2.172e-02
4.258e-02
4.009e-03
-1.450e-01
4.895e-02
4.573e-03
-8.987e-02
7.237e-02
1.090e-02
3.399e-02
6.692e-02
8.455e-02
1.357e-03
8.406e-02
-4.298e-02
-2.587e-02
-4.550e-01
-3.026e-02
1.237e-02
4.143e-02
-1.776e-02
-3.857e-02
-8.214e-03
-3.379e-02
-8.183e-03
-1.710e-02
1.563e-01
-2.079e-02
5.884e-02
1.198e-01
-5.790e-02
-5.465e-03
1.110e-02
-2.789e-03
1.679e-01
-5.008e-02
-2.496e-02
-2.044e-03
-4.113e-02
-3.331e-02
2.850e-02
-1.650e-02
2.335e-03
-3.929e-03
-1.837e-01
1.321e-02
2.518e-02
3.354e-02
-4.345e-02
-1.361e-01
6.831e-02
2.184e-02
5.267e-03
1.456e-02
8.989e-02
-4.949e-03
1.678e-04
1.104e-02
-3.628e-02
-1.293e-02
2.239e-04
2.114e-02
-7.056e-03
7.129e-02
-2.288e-02
-5.210e-02
2.134e-02
-5.003e-02
5.864e-02
1.428e-02
-1.180e-02
-3.756e-02
-7.673e-04
9.559e-02
-5.927e-03
-1.153e-01
1.291e-02
-2.765e-02
2.533e-02
1.139e-01
-7.898e-02
-2.055e-02
6.665e-02
-1.255e-02
5.688e-03
1.004e-02
8.393e-02
-4.520e-02
1.737e-02
7.139e-05
-2.432e-03
-8.395e-03
1.970e-01
1.347e-01
5.237e-02
-1.905e-02
5.698e-02
-5.611e-03
-8.340e-03
-3.873e-03
3.410e-02
-7.140e-04
-8.450e-03
1.122e-02
2.751e-02
-1.011e-02
1.133e-01
-9.479e-02
-8.476e-02
-1.168e-02
3.863e-03
9.353e-02
9.177e-02
-2.022e-01
-7.608e-02
6.464e-02
-2.728e-04
-5.203e-02
2.969e-03
5.144e-03
3.636e-02
3.956e-03
-2.960e-02
-9.371e-03
-7.754e-02
6.027e-02
-3.284e-01
-6.010e-01
-4.875e-02
-5.854e-03
-3.217e-02
1.582e-01
4.055e-02
1.587e-03
2.384e-02
-1.512e-02
7.082e-01
-1.397e-03
2.406e-01
-2.579e-02
-1.264e-03
1.218e-01
3.837e-02
-5.515e-02
-2.295e-02
-1.035e-01
1.222e-01
7.837e-02
-3.692e-03
6.848e-02
-4.863e-02
-2.010e-03
-9.753e-03
4.776e-02
7.425e-02
-2.594e-03
3.559e-02
2.388e-02
1.780e-02
-4.269e-02
-2.341e-02
4.039e-02
-9.396e-02
-4.264e-02
-1.027e-02
5.165e-02
-1.914e-02
-5.139e-03
-2.375e-04
4.216e-02
1.255e-01
-2.702e-01
-7.273e-03
7.053e-03
4.337e-02
