5.715e-02
-1.350e-01
-3.373e-03
-3.243e-03
3.398e-02
-2.258e-02
-3.889e-02
-3.787e-02
-9.587e-02
7.085e-02
4.971e-02
1.906e-01
-5.056e-02
-1.581e-01
-4.138e-03
3.123e-02
3.844e-03
-8.499e-02
7.686e-02
1.913e-02
1.231e-01
-7.424e-02
8.276e-02
1.228e-02
6.526e-02
-2.747e-02
8.159e-02
-2.857e-02
3.781e-02
1.213e-01
-1.201e-02
-2.558e-02
-2.000e-03
5.502e-02
2.319e-03
4.752e-02
-6.527e-02
6.176e-02
-6.261e-02
1.562e-02
1.069e-02
4.213e-02
4.928e-02
5.885e-02
5.465e-02
-6.297e-02
4.276e-02
1.414e-01
-4.004e-02
-5.359e-02
3.195e-02
8.027e-02
4.203e-03
-7.206e-03
6.222e-02
-1.524e-01
-7.347e-02
-5.471e-02
-8.602e-03
-1.018e-01
1.459e-02
-1.319e-02
-4.944e-02
9.605e-02
-1.048e-01
1.565e-01
1.008e-01
1.421e-03
-6.918e-03
3.328e-02
-1.765e-03
7.324e-02
1.552e-01
6.399e-02
-2.360e-02
6.300e-02
3.321e-02
-1.336e-01
2.796e-02
2.737e-03
1.403e-02
-1.498e-02
-2.779e-02
1.072e-01
-7.863e-02
-3.086e-02
5.443e-02
5.725e-02
-2.394e-02
-1.387e-01
6.579e-02
8.339e-02
-7.489e-02
1.476e-02
6.422e-02
-6.187e-02
-4.258e-02
-2.952e-02
1.593e-02
-3.115e-02
1.007e-01
6.917e-02
-7.985e-02
8.853e-02
-6.475e-02
-3.841e-02
-1.055e-01
4.527e-02
-3.862e-02
-6.838e-02
4.056e-02
8.154e-02
-8.265e-03
7.336e-02
-1.732e-01
2.025e-02
6.892e-02
-1.577e-02
4.949e-02
-1.259e-02
1.095e-02
-1.588e-02
-5.276e-02
1.061e-02
5.923e-03
5.056e-02
3.764e-02
9.859e-02
1.213e-02
3.099e-02
-1.016e-04
1.267e-01
3.230e-02
4.170e-03
9.136e-02
6.405e-02
-3.452e-02
3.442e-02
-1.639e-02
-6.431e-02
-2.075e-02
1.678e-01
-5.498e-02
4.526e-03
-5.506e-02
-1.062e-01
4.165e-02
-3.845e-03
-4.714e-02
-1.280e-01
7.225e-02
-3.708e-02
-1.179e-02
6.694e-03
4.878e-02
1.243e-01
-9.098e-02
-1.669e-02
3.612e-02
2.667e-02
-4.020e-03
4.705e-03
7.448e-03
-7.183e-02
-1.721e-02
4.189e-03
-1.401e-01
1.427e-01
6.042e-02
-2.525e-02
5.722e-02
4.746e-02
-8.625e-02
7.280e-01
-7.633e-02
1.317e-02
3.071e-04
1.953e-02
6.252e-02
9.500e-03
-4.508e-02
-4.579e-02
5.600e-02
8.324e-03
-9.685e-02
1.854e-01
1.039e-02
5.210e-02
2.835e-02
-6.218e-02
-2.419e-02
5.125e-03
4.879e-03
-2.312e-02
3.241e-03
-2.831e-02
1.971e-02
8.449e-02
1.273e-01
-2.149e-02
-9.161e-02
-5.516e-02
-1.049e-01
6.787e-03
-3.975e-02
9.277e-02
-1.397e-01
5.694e-02
3.747e-03
1.381e-01
1.182e-01
4.004e-02
6.760e-03
1.553e-01
7.679e-02
-6.028e-02
6.511e-02
3.330e-02
-4.430e-02
-4.693e-02
2.798e-03
-2.642e-02
1.337e-01
-4.984e-02
3.244e-02
-5.781e-02
-7.535e-02
-1.197e-01
2.201e-02
-4.949e-02
-4.912e-02
1.205e-02
1.370e-01
1.038e-01
1.559e-01
8.252e-02
-3.908e-02
2.114e-02
-2.456e-02
-6.138e-02
8.742e-03
3.668e-02
-2.744e-02
1.008e-02
2.608e-02
-2.516e-02
-6.161e-03
1.838e-02
7.031e-02
1.019e-01
-1.045e-01
-3.011e-02
2.157e-01
-3.885e-02
2.926e-02
4.821e-02
1.473e-02
5.954e-03
4.229e-03
-6.361e-02
-1.836e-01
5.573e-03
6.841e-02
9.251e-02
-6.462e-02
-5.776e-02
-1.594e-02
-8.274e-02
9.587e-03
-1.727e-02
5.869e-02
-2.329e-02
3.527e-02
4.346e-02
-1.587e-01
6.699e-02
-8.241e-02
3.730e-02
-9.408e-02
-1.384e-01
8.323e-02
-8.102e-02
1.555e-01
-2.704e-03
-1.412e-02
-2.343e-02
-4.348e-02
-1.235e-01
