1.298e+00
-6.433e-01
-3.139e-02
1.876e-01
4.960e-01
9.106e-01
-1.553e-01
8.671e-01
9.228e-01
-4.130e-01
-1.515e+00
5.355e-01
9.650e-01
8.236e-01
-3.889e-01
-2.128e-01
2.197e-01
3.252e-03
-2.726e+00
-1.395e+00
9.735e-01
7.274e-01
9.661e-01
6.339e-02
-1.410e-01
-2.890e-01
3.503e-01
-3.766e-02
3.079e-02
-1.926e+00
-7.212e-01
1.369e+00
4.161e-01
-4.623e-01
1.962e-01
1.431e+00
6.990e-01
6.917e-01
-1.812e+00
-3.708e-01
-3.781e-01
1.820e-01
7.942e-01
5.998e-01
-5.305e-01
2.483e-01
-5.297e-01
8.270e-01
-1.029e+00
6.150e-01
-2.018e-01
-1.905e-01
7.627e-01
1.153e+00
8.216e-01
1.381e-02
4.173e-01
2.086e-02
-2.813e-01
3.585e-01
-7.658e-01
1.000e+00
4.461e-02
2.372e-01
-3.806e-02
8.440e-01
-7.008e-01
-2.264e-01
-2.765e-01
-2.168e-02
-1.705e-01
-3.533e-03
-5.519e-01
-1.082e+00
-7.923e-02
8.871e-01
-1.855e-01
-7.024e-01
1.145e+00
-8.388e-01
-4.413e-01
-7.972e-01
-1.189e+00
-2.252e-01
7.890e-01
1.052e+00
3.441e-01
-4.192e-01
2.490e-01
-6.797e-01
-8.761e-01
1.596e+00
-6.156e-01
1.102e+00
4.471e-01
-1.431e+00
-6.056e-01
2.106e-01
7.703e-01
5.465e-02
9.310e-01
1.496e-01
1.740e+00
4.834e-01
1.646e+00
7.870e-01
9.262e-01
7.832e-01
7.517e-02
1.393e+00
9.502e-01
5.468e-02
-2.117e+00
-7.116e-01
8.118e-01
-3.641e-01
-1.372e+00
7.678e-01
-1.352e+00
-1.371e+00
-1.145e+00
-4.561e-01
-1.197e-01
5.955e-01
8.301e-01
9.217e-01
9.191e-01
-1.257e-01
4.172e-01
2.316e-01
1.229e+00
4.222e-01
1.002e+00
3.660e-02
6.617e-02
7.041e-01
4.719e-01
1.558e-01
6.995e-02
1.728e-01
9.934e-01
1.477e+00
5.747e-01
1.031e+00
3.759e-01
1.061e+00
4.413e+00
-8.949e-01
3.614e-01
-5.441e-01
-3.489e-01
-2.129e-01
4.431e-01
-3.989e+00
-1.090e+00
1.757e+00
8.757e-04
-1.630e-01
3.678e-02
4.387e-01
3.373e-01
4.811e-01
3.578e-01
-5.545e-01
5.598e-01
-9.940e-01
-7.382e-01
1.883e-01
6.039e-01
-4.029e-02
8.586e-01
-1.392e+00
7.281e-01
6.464e-02
9.691e-02
5.415e-02
-1.983e+00
2.647e-01
1.112e+00
-1.082e-01
-6.006e-02
4.561e-01
7.492e-02
3.456e-01
6.208e-01
-1.904e+00
7.973e-01
-4.610e-02
-8.594e-01
6.868e-01
6.525e-01
-1.333e+00
-3.711e-01
-4.089e-02
-1.620e-01
1.205e+00
8.207e-02
2.248e+00
-5.312e-01
-1.777e+00
-1.333e+00
1.017e-02
-9.017e-01
6.453e-01
-1.364e-01
-1.311e+00
-1.799e-01
2.721e-01
-2.364e-03
4.077e-01
-1.048e+00
-5.383e-01
7.643e-01
-6.713e-01
-6.821e-01
2.262e-02
-6.248e-01
-9.488e-01
-2.234e+00
4.041e-01
-1.381e+00
4.579e-01
-4.806e-01
-1.915e+00
9.569e-02
-5.298e-01
-6.514e-01
1.769e+00
1.118e+00
4.967e-01
-5.347e-01
1.792e+00
1.387e+00
-1.393e+00
5.407e-01
9.462e-01
1.140e+00
4.862e-01
-7.704e-01
-3.965e-01
-8.277e-02
1.989e-01
1.068e+00
-2.386e-01
-2.042e-01
-2.105e+00
-3.507e-01
1.520e+00
-2.959e-01
-2.589e-01
-1.959e+00
-1.379e+00
1.439e+00
5.033e-01
-8.035e-01
-1.302e+00
1.043e+00
-3.052e-01
-4.761e-01
5.462e-01
3.299e-01
2.220e-01
1.216e+00
5.246e-01
9.616e-01
-7.383e-01
-2.195e-01
-4.266e-01
2.198e-02
-8.732e-01
-6.862e-01
-2.105e-01
1.523e+00
8.251e-01
1.607e+00
-1.115e+00
-6.322e-01
1.250e+00
-9.806e-01
-1.549e+00
1.452e+00
-7.149e-01
1.927e+00
2.073e-01
-5.780e-01
9.303e-01
6.758e-01
2.265e+00
