-1.250e-01
-1.875e-01
-1.875e-01
-1.250e-01
0.000e+00
3.125e-02
1.250e-01
2.812e-01
5.000e-01
-6.250e-01
-9.375e-02
-1.250e-01
-9.375e-02
0.000e+00
1.562e-01
6.250e-02
1.875e-01
3.750e-01
-5.000e-01
-4.688e-01
-6.250e-02
-6.250e-02
0.000e+00
1.250e-01
3.125e-01
9.375e-02
2.500e-01
-3.750e-01
-3.750e-01
-3.125e-01
-3.125e-02
0.000e+00
9.375e-02
2.500e-01
4.688e-01
1.250e-01
-2.500e-01
-2.812e-01
-2.500e-01
-1.562e-01
0.000e+00
6.250e-02
1.875e-01
3.750e-01
6.250e-01
-1.250e-01
-1.875e-01
-1.875e-01
-1.250e-01
0.000e+00
3.125e-02
1.250e-01
2.812e-01
5.000e-01
-6.250e-01
-9.375e-02
-1.250e-01
-9.375e-02
0.000e+00
1.562e-01
6.250e-02
1.875e-01
3.750e-01
-5.000e-01
