-2.620e-01
7.186e-01
8.761e-01
2.347e-01
3.982e-01
1.026e+00
8.369e-01
4.019e-01
-2.355e-01
-4.307e-02
-6.110e-01
-1.023e-01
8.735e-01
8.879e-02
5.846e-01
-8.660e-01
-2.552e-01
-1.020e-01
-5.664e-01
1.105e+00
-7.868e-01
3.172e-01
-9.454e-01
5.084e-01
1.919e-01
-2.091e-01
5.867e-01
7.099e-01
5.236e-01
-3.296e-01
4.333e-01
6.836e-01
-1.446e-01
3.274e-01
3.866e-01
-2.910e-01
9.076e-01
2.730e-01
-2.325e-01
-5.856e-01
-6.519e-02
9.747e-01
6.465e-01
-6.255e-01
1.931e-01
-4.386e-01
6.813e-01
-7.542e-02
8.949e-01
6.805e-01
-8.589e-01
-1.739e-01
-5.586e-01
6.410e-01
-5.381e-01
1.346e-01
-1.257e+00
-5.725e-01
-2.623e-01
-1.470e-01
1.054e+00
-2.079e-02
8.904e-01
-4.036e-01
-1.947e-01
-2.800e-01
9.861e-01
1.805e-01
1.193e+00
1.629e-01
1.204e-03
-1.445e-01
9.393e-01
-2.166e-01
-5.800e-01
-3.457e-01
-4.040e-01
3.699e-01
-4.824e-01
-7.159e-01
-7.651e-01
-6.407e-01
-4.910e-01
-5.244e-01
2.265e-01
1.965e-01
-4.417e-01
9.614e-03
-4.583e-01
3.744e-01
-8.657e-01
-1.733e-01
5.062e-01
-6.417e-01
2.149e-01
1.298e-01
1.249e-01
-6.408e-01
8.493e-01
4.756e-01
-3.851e-01
-1.006e+00
3.551e-01
-9.233e-02
-1.557e-01
-4.969e-01
-5.609e-01
8.591e-01
-6.316e-01
5.060e-02
-1.116e-01
5.163e-01
8.750e-02
-1.831e-01
8.519e-01
3.848e-01
-1.079e-01
1.308e+00
-1.597e-01
1.653e-01
-1.147e+00
5.396e-01
6.377e-01
3.161e-01
-4.122e-01
8.479e-01
9.874e-01
-7.325e-01
-5.921e-01
-3.944e-01
9.745e-02
-5.009e-01
-6.368e-02
-9.124e-01
-5.499e-01
-5.840e-01
8.579e-01
-6.446e-01
4.398e-01
-2.013e-01
2.671e-01
5.752e-01
-3.186e-02
-9.760e-01
-7.362e-01
1.216e-01
2.557e-01
-6.690e-01
9.305e-01
-5.143e-01
2.551e-02
-4.653e-01
8.751e-01
-1.174e-01
3.028e-01
2.066e-01
-9.150e-02
5.196e-01
2.205e-01
1.986e-01
8.621e-01
-4.833e-02
1.947e-01
-7.678e-01
-4.110e-01
-1.734e-01
5.370e-01
-5.158e-02
2.838e-01
1.156e+00
3.106e-01
5.216e-01
1.797e-02
-4.958e-02
-6.697e-01
2.993e-01
-3.825e-01
3.310e-01
-4.619e-01
-6.087e-01
9.351e-01
6.986e-01
-4.050e-01
7.876e-01
7.730e-01
-5.678e-02
-3.262e-01
-2.508e-01
3.123e-01
-3.196e-01
-9.086e-02
5.055e-01
-1.609e-01
-6.225e-01
-5.951e-01
7.422e-03
-9.281e-02
1.013e+00
-6.367e-01
6.476e-01
-1.007e+00
-1.643e-02
-7.910e-01
3.045e-01
-2.324e-01
3.771e-01
6.192e-01
-3.660e-01
-1.077e-01
-5.723e-01
-6.871e-01
1.148e+00
6.563e-01
5.813e-01
2.308e-01
5.195e-01
-7.548e-01
1.493e-01
6.045e-01
4.112e-01
4.120e-01
-9.272e-01
-9.444e-02
-3.355e-02
-2.598e-01
-6.488e-01
-3.222e-01
-4.599e-01
1.023e+00
-8.574e-01
8.594e-01
-2.042e-01
7.440e-01
7.520e-01
4.395e-01
7.496e-01
-8.014e-02
-3.714e-01
5.523e-01
9.758e-01
5.372e-01
7.773e-01
1.516e-01
-8.416e-01
-3.339e-02
7.821e-01
-1.089e+00
-5.912e-02
-3.837e-01
-2.764e-01
-9.217e-01
-6.819e-01
-6.662e-02
4.390e-01
-8.021e-01
-5.291e-01
-1.333e-01
4.630e-02
-3.800e-01
4.944e-01
-1.222e+00
3.830e-02
-5.073e-01
6.268e-01
-4.886e-02
-1.053e+00
1.861e-01
-3.832e-01
6.890e-01
1.978e-01
4.210e-02
-6.772e-01
-2.560e-01
-9.911e-01
8.354e-01
7.400e-01
5.595e-02
-8.712e-01
3.679e-01
5.085e-01
7.184e-01
8.666e-01
8.871e-01
2.986e-01
8.992e-01
-1.032e-01
8.967e-01
-6.729e-01
