-1.044e-01
1.066e+00
8.978e-01
3.370e-01
-3.033e-01
-4.312e-01
-9.055e-02
5.584e-01
-2.636e-01
-3.845e-02
-6.664e-01
5.973e-01
4.784e-01
5.225e-01
-5.717e-01
7.919e-01
-7.888e-01
5.136e-01
4.092e-01
-8.154e-01
-3.967e-01
5.129e-01
-7.960e-02
-1.288e-01
1.599e-01
1.059e+00
-8.549e-01
-7.243e-02
-7.555e-01
-2.638e-01
-5.562e-01
1.310e-01
3.774e-01
-4.097e-01
8.113e-01
7.797e-01
9.362e-01
-7.226e-01
3.094e-02
-8.176e-01
5.133e-01
2.573e-02
-5.400e-01
3.940e-01
-1.921e-02
-3.598e-01
-5.595e-01
-2.242e-01
-1.963e-01
-2.913e-01
2.351e-01
-8.950e-01
-7.806e-02
8.257e-01
3.137e-01
1.454e-02
-8.494e-01
1.872e-01
7.450e-01
-6.637e-01
-5.312e-01
-3.493e-01
-6.981e-01
-8.144e-01
4.300e-01
1.950e-02
4.820e-01
-2.772e-01
-4.861e-01
3.068e-01
5.278e-01
2.669e-01
6.760e-01
7.756e-01
3.417e-01
8.164e-02
2.366e-01
9.440e-01
8.500e-01
-7.496e-01
3.631e-01
9.787e-01
-4.694e-01
3.062e-01
-9.151e-01
8.353e-01
-4.718e-01
9.216e-02
5.471e-01
5.745e-01
-2.943e-01
-7.177e-01
-5.307e-01
4.407e-01
-9.110e-01
1.314e-01
7.464e-01
-5.315e-01
8.783e-01
3.042e-01
4.506e-02
2.209e-01
4.071e-01
-3.276e-01
-3.049e-01
-6.275e-01
8.700e-01
-1.041e+00
7.746e-02
-2.558e-01
-7.985e-01
-8.761e-02
-6.786e-01
-6.522e-01
7.175e-01
6.363e-01
3.047e-01
-5.184e-01
1.792e-02
-4.108e-01
4.249e-01
-3.665e-01
9.464e-01
-1.842e-01
-5.747e-01
3.062e-01
-6.004e-01
4.242e-01
-1.806e-01
7.675e-01
-4.175e-01
1.368e-01
-8.601e-01
2.483e-01
5.721e-01
7.302e-01
4.324e-01
1.257e-01
4.429e-01
-5.194e-01
8.510e-01
-1.015e-01
-4.991e-01
7.041e-02
-1.079e+00
-6.670e-02
-7.758e-01
-3.806e-01
-4.526e-01
5.614e-01
-2.370e-01
-1.180e+00
-5.164e-01
-4.905e-02
-6.296e-01
1.265e-01
-1.653e-01
-1.295e-01
1.209e-01
-9.475e-01
-3.425e-01
-6.480e-01
3.595e-01
3.980e-01
8.376e-01
-8.540e-02
-1.154e-01
4.191e-01
5.814e-01
2.708e-01
4.908e-02
-1.015e+00
-8.241e-02
2.757e-01
-8.139e-01
-8.529e-01
-5.107e-01
7.106e-01
8.114e-01
1.287e-01
-6.890e-01
-1.003e+00
-5.889e-01
-2.691e-01
-2.100e-01
1.019e-01
2.628e-01
5.873e-01
-8.623e-01
-7.267e-01
-3.658e-01
7.862e-02
-2.838e-01
4.990e-01
-5.411e-01
-7.980e-01
1.900e-02
-6.425e-01
1.024e+00
7.315e-02
8.266e-01
1.026e-02
-3.708e-02
-5.061e-01
1.657e-01
9.221e-01
2.504e-01
-7.840e-01
8.443e-01
-3.136e-01
7.083e-01
-4.527e-01
-1.008e+00
-1.953e-01
7.894e-01
4.581e-01
5.517e-01
7.027e-01
3.513e-01
1.111e+00
-2.846e-01
7.687e-01
-5.565e-01
8.577e-01
9.301e-01
-8.785e-01
-4.625e-01
4.226e-01
2.845e-01
-8.324e-01
6.614e-01
4.699e-01
7.692e-01
4.746e-01
2.763e-01
7.342e-01
-1.636e-01
4.196e-01
9.559e-01
-8.427e-01
-1.547e-01
-5.628e-01
-8.594e-01
4.509e-01
-4.591e-01
-3.861e-01
-6.664e-01
1.965e-01
-1.943e-01
-4.390e-01
-5.515e-01
-9.296e-01
7.255e-01
-3.759e-01
4.524e-01
-3.575e-01
-2.199e-01
-4.543e-01
7.580e-01
-2.905e-01
-5.847e-01
2.993e-01
-4.317e-01
2.122e-01
-5.334e-03
-3.955e-01
-5.237e-01
4.054e-01
-4.363e-01
7.139e-01
-5.580e-01
-6.027e-01
-3.660e-01
2.902e-01
6.575e-01
1.859e-01
-6.030e-01
-7.994e-01
-3.995e-01
5.532e-01
4.966e-02
-3.914e-01
6.107e-02
5.329e-01
-9.960e-01
-3.938e-01
-5.944e-01
7.735e-01
