-1.230e-01
-1.870e-01
-1.870e-01
-1.230e-01
0.000e+00
2.953e-02
1.230e-01
2.805e-01
5.020e-01
-6.250e-01
-9.350e-02
-1.230e-01
-9.350e-02
0.000e+00
1.575e-01
6.398e-02
1.870e-01
3.740e-01
-5.020e-01
-4.675e-01
-6.398e-02
-6.398e-02
0.000e+00
1.230e-01
3.150e-01
9.350e-02
2.510e-01
-3.740e-01
-3.740e-01
-3.150e-01
-2.953e-02
0.000e+00
9.350e-02
2.510e-01
4.675e-01
1.230e-01
-2.510e-01
-2.805e-01
-2.510e-01
-1.575e-01
0.000e+00
6.398e-02
1.870e-01
3.740e-01
6.250e-01
-1.230e-01
-1.870e-01
-1.870e-01
-1.230e-01
0.000e+00
2.953e-02
1.230e-01
2.805e-01
5.020e-01
-6.250e-01
-9.350e-02
-1.230e-01
-9.350e-02
0.000e+00
1.575e-01
6.398e-02
1.870e-01
3.740e-01
-5.020e-01
