3.899e-02
6.560e-02
-8.073e-02
-3.336e-03
-2.041e-02
3.001e-02
-1.675e-01
-8.097e-02
1.580e-02
1.988e-01
1.124e-01
-3.300e-02
-4.963e-02
1.253e-01
-3.000e-02
-4.446e-01
-3.450e-02
8.803e-02
1.690e-01
-4.302e-01
2.657e-01
1.676e-01
3.153e-02
-3.020e-02
-6.707e-02
-2.311e-01
-8.518e-02
-3.240e-01
-1.395e-02
1.173e-01
-2.178e-01
-9.658e-03
-2.072e-02
1.298e-01
-1.165e-01
-6.705e-02
2.637e-01
-1.659e-03
-1.072e-01
4.070e-02
7.576e-02
2.173e-01
-6.253e-02
1.862e-01
9.106e-02
7.877e-02
-8.921e-02
1.375e-01
-9.585e-02
-1.637e-02
-6.961e-02
1.355e-02
1.830e-01
-2.426e-02
-1.547e-01
1.550e-01
1.249e-01
1.429e-02
1.312e-01
-1.539e-01
1.847e-01
-1.598e-02
1.578e-01
1.407e-01
6.119e-02
8.989e-03
-4.698e-02
1.537e-01
-1.339e-01
-1.684e-02
-1.689e-01
2.708e-02
3.599e-02
-1.081e-01
1.354e-01
-7.791e-02
9.328e-02
-4.396e-02
-2.706e-01
-8.039e-02
1.319e-01
-7.352e-02
-2.596e-01
9.744e-02
-1.999e-02
-4.638e-02
1.673e-01
1.041e-01
5.565e-02
8.616e-02
8.742e-02
4.455e-01
-9.376e-02
1.015e-01
1.934e-04
-1.471e-01
-3.272e-01
-8.101e-02
1.480e-01
1.412e-01
1.494e-01
6.787e-02
-2.553e-01
1.357e-01
-8.794e-02
-1.748e-01
4.509e-03
-1.244e-01
-1.093e-01
-2.683e-02
-9.068e-02
-1.913e-01
1.148e-01
2.835e-02
-9.248e-02
-1.692e-01
1.588e-01
1.459e-01
-1.076e-01
-1.529e-01
-1.744e-01
3.051e-04
-1.349e-01
2.328e-02
-1.287e-01
2.560e-01
-9.399e-02
1.960e-01
3.134e-02
-6.833e-03
2.543e-01
2.050e-01
1.955e-03
1.929e-01
1.078e-02
-5.567e-02
-3.734e-01
1.099e-01
7.934e-02
3.350e-02
-1.398e-01
-4.129e-01
1.343e-01
5.999e-02
1.514e-01
-1.902e-01
2.865e-01
-7.917e-02
-2.306e-02
9.172e-02
-1.723e-01
1.168e-01
-1.834e-01
9.155e-03
5.351e-02
1.278e-01
1.326e-01
-6.875e-02
-6.080e-02
9.002e-02
6.127e-02
1.652e-01
4.301e-02
-2.036e-01
5.132e-02
-1.251e-01
7.739e-02
-3.471e-01
2.057e-01
-7.729e-02
1.506e-01
1.227e-01
2.849e-01
1.838e+00
3.140e-02
9.780e-03
-1.583e-01
-7.094e-02
1.553e-01
3.136e-01
-9.330e-02
6.149e-02
-1.661e-01
-2.199e-01
-1.933e-01
-2.408e-02
-1.963e-01
-1.268e-01
-1.495e-01
3.007e-01
-8.810e-02
1.571e-01
-1.505e-01
1.834e-01
9.584e-03
-1.026e-02
-1.262e-01
9.006e-02
-4.522e-03
-3.938e-02
-1.935e-01
-3.418e-02
9.897e-02
2.563e-01
-5.041e-02
7.624e-02
2.656e-02
-8.546e-02
-1.293e-01
-1.205e-01
1.787e-01
2.237e-01
-1.475e-01
1.073e-01
-1.932e-01
-1.238e-01
2.899e-02
1.433e-02
-4.604e-01
-7.352e-03
2.549e-02
-5.877e-02
-1.768e-01
-6.755e-02
-1.704e-02
-3.631e-02
8.059e-02
-1.217e-01
2.724e-03
-3.934e-01
3.509e-02
1.840e-01
1.341e-01
5.530e-02
1.208e-01
-1.676e-01
-9.684e-02
-5.138e-02
5.576e-03
-4.440e-02
-1.136e-01
1.455e-01
-2.835e-02
9.347e-02
1.977e-01
-6.116e-01
-5.782e-02
4.485e-02
8.591e-02
3.816e-01
-1.049e-01
-6.414e-02
-8.895e-02
-1.205e-01
-5.658e-02
-1.329e-01
-7.254e-02
-1.090e-01
-1.185e-01
4.370e-02
3.595e-02
1.144e-01
-2.941e-01
-6.653e-02
5.828e-03
8.789e-03
1.743e-01
2.255e-01
1.104e-01
-8.141e-02
-1.011e-01
2.887e-01
1.688e-02
-2.323e-01
7.979e-02
1.591e-01
2.074e-01
-1.198e-01
5.208e-02
1.646e-01
1.689e-01
1.095e-01
-1.567e-01
1.937e-01
-2.295e-03
6.461e-02
3.191e-01
-2.213e-01
5.841e-02
1.128e-03
6.099e-02
2.724e-02
1.252e-01
5.322e-02
4.866e-02
8.357e-03
-6.913e-02
-6.299e-02
9.414e-02
-8.837e-03
-8.535e-02
1.200e-01
-5.869e-03
4.316e-02
3.090e-02
-7.027e-02
-2.557e-03
-2.059e-02
1.612e-01
-1.098e-01
1.468e-01
-3.238e-02
7.488e-02
-5.837e-02
5.327e-02
-2.004e-02
-4.525e-03
-6.280e-03
4.148e-03
-7.047e-02
7.756e-02
3.910e-02
4.300e-02
3.792e-02
-4.953e-02
2.597e-02
-8.457e-02
-1.653e-01
-1.097e-01
9.418e-02
-5.381e-02
8.867e-02
-1.498e-01
1.049e-01
-3.970e-02
5.004e-02
7.259e-02
-1.664e-01
1.238e-02
7.418e-02
-1.262e-01
8.246e-02
2.894e-02
4.430e-03
1.956e-02
-1.773e-02
-1.095e-02
-6.014e-02
-8.821e-03
1.134e-01
-5.641e-02
-3.935e-03
-4.367e-03
2.897e-02
-1.223e-01
1.856e-02
7.212e-03
5.210e-02
-6.875e-02
4.759e-02
4.257e-03
1.193e-02
-5.431e-03
1.101e-02
8.424e-02
-1.630e-02
8.556e-02
-9.348e-02
-1.671e-02
6.901e-02
5.249e-02
1.791e-01
1.498e-02
-3.755e-02
-2.617e-02
-4.456e-02
-1.654e-01
-5.009e-04
2.851e-02
7.893e-02
-5.785e-02
1.769e-01
2.491e-02
2.702e-03
-5.462e-02
1.121e-01
-1.105e-01
-5.446e-02
4.130e-02
1.456e-01
5.086e-02
-2.153e-02
4.697e-03
9.042e-02
-9.087e-02
1.367e-01
-1.624e-01
-9.709e-02
2.290e-02
5.782e-02
4.039e-03
7.491e-02
5.973e-02
1.677e-01
3.334e-02
-4.160e-02
4.087e-02
-1.283e-01
-9.543e-02
1.107e-01
-9.243e-03
6.537e-02
1.833e-02
-5.757e-02
1.415e-01
1.059e-01
1.577e-01
1.100e-01
-4.837e-02
1.116e-02
1.207e-02
4.970e-05
4.314e-02
1.241e-01
-1.646e-02
2.973e-02
-1.292e-02
-1.059e-01
-3.961e-03
1.036e-01
1.113e-01
-7.572e-02
-1.387e-01
-2.304e-03
2.183e-01
5.798e-02
5.310e-02
3.589e-02
2.985e-02
3.076e-03
7.987e-03
-5.641e-02
-7.189e-02
9.107e-02
5.243e-02
-6.589e-02
-2.066e-02
4.941e-02
3.342e-02
-3.115e-02
-1.110e-01
1.888e-02
-1.176e-01
-9.857e-02
-1.387e-02
1.522e-01
3.881e-02
-3.688e-02
1.251e-01
9.284e-02
-1.311e-01
4.435e-01
1.827e-03
-1.133e-02
-5.480e-02
2.854e-02
-9.117e-02
5.689e-02
-2.197e-02
9.817e-03
-3.014e-02
-8.525e-02
-2.582e-02
8.666e-02
-4.030e-02
-5.978e-03
2.474e-02
-3.375e-02
-1.127e-01
5.000e-02
4.963e-02
4.343e-02
1.216e-02
1.002e-01
1.729e-02
6.012e-02
8.606e-02
-7.398e-02
-4.107e-02
2.241e-02
7.909e-02
3.156e-03
4.634e-02
-2.440e-02
-1.318e-01
6.135e-02
-1.907e-02
-5.597e-02
2.014e-01
3.209e-02
-1.972e-02
1.257e-01
-3.106e-02
1.871e-02
-1.121e-01
3.588e-03
-6.828e-02
-4.789e-02
-6.445e-02
2.548e-02
2.330e-02
-3.244e-02
2.829e-02
2.442e-03
7.575e-02
-3.064e-02
-1.086e-01
-2.414e-02
-9.313e-02
6.314e-03
8.715e-02
3.549e-02
1.263e-01
2.342e-02
-2.454e-02
4.119e-02
-7.220e-02
2.069e-02
5.733e-02
1.527e-01
5.943e-02
-2.986e-02
-3.348e-02
-2.391e-01
6.007e-02
5.323e-02
3.485e-02
4.985e-02
-2.327e-02
-4.129e-02
1.306e-01
-8.987e-04
-9.853e-02
-9.692e-03
1.350e-02
-1.643e-02
8.547e-02
3.189e-02
-7.244e-02
1.182e-02
3.995e-02
-4.016e-02
-2.525e-02
5.342e-03
9.167e-02
-5.155e-02
3.385e-02
6.290e-02
-1.214e-01
-1.455e-02
1.342e-02
5.122e-02
-3.818e-02
-6.519e-03
1.129e-01
4.326e-02
8.596e-02
-5.734e-02
2.779e-02
8.804e-02
7.386e-02
2.869e-02
-4.701e-02
9.728e-02
9.402e-03
-5.797e-02
-6.661e-02
5.387e-02
7.181e-03
-8.442e-03
9.872e-02
9.391e-02
-9.423e-03
6.454e-02
4.304e-02
1.604e-01
1.064e-01
2.719e-02
-1.786e-02
1.042e-01
8.454e-02
-1.300e-01
4.214e-02
-9.312e-02
-4.956e-02
5.758e-02
4.957e-02
-8.952e-02
9.062e-02
-2.313e-02
1.330e-01
4.225e-02
3.587e-02
-1.097e-01
-6.416e-02
-3.274e-02
3.011e-02
6.513e-02
3.387e-02
-4.213e-03
6.364e-02
9.709e-02
-7.041e-02
9.591e-02
-1.808e-01
-6.028e-02
-1.189e-02
7.877e-02
-4.307e-03
7.593e-02
-2.979e-02
3.842e-02
5.340e-02
6.871e-03
4.183e-02
-4.528e-02
3.904e-02
-1.518e-02
-7.303e-02
2.718e-02
-1.789e-02
1.264e-01
5.726e-02
5.011e-02
-2.330e-02
-3.457e-02
-2.352e-02
6.269e-02
-1.556e-02
5.719e-02
-1.121e-01
-5.203e-02
-3.885e-02
6.466e-02
-5.105e-02
3.684e-02
-5.167e-02
-5.763e-03
3.923e-02
3.860e-04
-7.904e-02
1.142e-02
-1.948e-02
-4.604e-02
6.084e-02
-5.162e-02
5.516e-02
8.588e-02
-7.355e-03
-5.313e-03
9.893e-02
-1.374e-01
-6.655e-02
6.724e-02
5.467e-02
-8.479e-02
9.547e-02
1.381e-01
-1.745e-02
-2.638e-02
-3.627e-02
-4.915e-02
-7.847e-02
1.089e-01
-3.840e-02
-3.005e-02
-6.516e-02
1.131e-01
4.532e-02
4.895e-02
2.236e-02
8.109e-02
-1.160e-01
-1.211e-02
-5.010e-03
-1.379e-02
-1.700e-02
1.298e-02
-1.695e-01
2.170e-02
3.473e-02
2.857e-02
1.265e-01
6.234e-02
-4.181e-03
-4.119e-02
-8.686e-02
5.667e-02
2.257e-02
-1.199e-02
5.364e-03
-3.184e-02
1.426e-01
2.335e-01
2.108e-01
-1.969e-02
2.279e-02
1.195e-01
5.042e-02
-1.855e-02
-8.464e-02
1.099e-02
2.235e-02
-3.079e-02
-3.968e-02
-6.254e-02
3.096e-02
8.701e-02
8.276e-02
-5.510e-02
-5.642e-02
4.217e-02
2.346e-01
1.775e-02
8.168e-02
8.591e-02
-2.207e-03
4.582e-02
-2.046e-04
-1.041e-02
-5.947e-02
1.215e-01
-3.372e-02
-1.288e-01
7.650e-02
-1.834e-03
-9.802e-03
3.098e-02
-4.592e-02
-1.121e-01
-4.702e-02
-1.535e-01
3.668e-02
-2.848e-03
3.528e-02
1.383e-01
1.553e-01
-8.152e-02
-5.896e-03
8.191e-01
-8.828e-02
-7.730e-02
-3.409e-02
5.516e-02
1.109e-02
-3.293e-02
9.142e-02
-8.759e-02
-9.784e-02
-1.098e-01
-7.005e-03
4.022e-02
4.985e-02
5.698e-02
-6.143e-02
-4.903e-02
-1.611e-01
-2.066e-02
-5.024e-02
-5.888e-02
6.997e-02
7.547e-03
4.234e-02
2.604e-02
-3.167e-02
-7.159e-02
-1.979e-02
-8.848e-02
2.143e-02
1.483e-02
-1.273e-01
3.887e-02
-5.206e-02
6.100e-02
-3.097e-02
-6.021e-02
5.533e-02
1.414e-02
-7.192e-02
9.616e-02
-5.909e-03
7.177e-02
4.865e-02
1.397e-01
-1.169e-02
-4.005e-02
7.716e-02
-9.583e-02
8.393e-02
4.014e-03
-3.324e-02
2.892e-02
-1.763e-02
-3.806e-02
-8.896e-02
-5.473e-02
1.959e-02
1.938e-02
2.571e-02
4.167e-02
-3.650e-02
2.712e-02
1.066e-02
4.272e-02
1.998e-02
-2.415e-02
-2.861e-03
1.821e-02
2.569e-02
-3.706e-02
1.197e-01
-8.872e-02
-2.042e-03
1.101e-01
1.562e-01
-9.489e-02
-3.723e-02
-8.788e-02
4.885e-02
-1.690e-02
-2.987e-02
7.224e-03
-3.076e-03
-2.013e-02
-2.585e-02
-1.729e-01
5.901e-02
4.680e-02
3.487e-02
8.597e-03
6.867e-03
1.324e-02
-5.254e-02
-2.229e-02
1.363e-01
2.745e-02
-1.393e-01
-9.594e-02
-3.353e-02
5.113e-02
7.964e-05
-2.739e-02
-4.014e-02
-3.055e-02
-4.712e-02
-1.755e-02
6.473e-02
-6.915e-02
-1.024e-01
-8.716e-02
8.710e-02
3.736e-02
-7.696e-02
1.253e-02
-1.274e-03
5.198e-02
-3.166e-02
-5.254e-03
5.324e-02
-7.093e-03
-4.206e-03
-1.391e-02
-6.234e-02
-4.333e-02
5.575e-03
-1.084e-02
-2.098e-02
4.075e-02
-3.910e-02
-4.811e-02
2.770e-03
8.762e-02
-2.189e-02
-9.777e-04
2.925e-02
3.885e-02
3.948e-02
5.273e-03
-3.134e-02
9.562e-04
3.698e-02
5.029e-02
2.315e-02
-1.488e-02
-2.700e-02
5.780e-02
4.383e-02
1.042e-01
-1.014e-01
2.004e-02
-2.443e-02
7.846e-02
2.427e-01
-6.636e-03
-2.272e-02
4.183e-02
2.888e-02
-5.582e-03
7.429e-02
-5.840e-02
5.141e-02
6.795e-02
-4.928e-03
-6.560e-02
-2.920e-02
2.442e-02
-4.567e-02
2.962e-02
1.351e-01
-1.956e-02
4.619e-03
-1.373e-02
-2.355e-02
-5.534e-02
6.267e-02
1.957e-02
2.064e-02
9.041e-03
-2.470e-02
4.796e-02
-1.896e-02
-3.012e-02
2.116e-02
2.766e-02
-6.629e-02
-1.189e-01
1.116e-02
2.668e-02
-7.679e-02
-2.158e-03
1.328e-01
4.756e-03
-3.875e-03
9.001e-02
-5.086e-03
-6.234e-03
-1.715e-02
-2.649e-02
1.795e-02
-1.344e-02
3.306e-02
-4.129e-02
1.946e-02
-6.853e-03
-4.806e-02
-8.073e-02
-5.853e-02
1.312e-02
6.447e-03
2.442e-02
8.924e-02
1.006e-02
-3.230e-02
2.353e-02
-4.945e-03
4.023e-02
4.828e-02
-2.845e-02
-4.788e-03
8.558e-02
4.763e-02
-6.436e-02
-4.769e-02
-1.205e-02
-4.395e-02
-9.171e-02
-3.756e-02
-8.212e-02
-9.561e-03
-4.982e-02
-3.512e-02
5.325e-02
2.580e-02
-5.252e-02
1.600e-02
-3.849e-02
1.014e-01
-3.691e-02
-3.139e-02
1.059e-01
9.928e-02
4.911e-02
-3.582e-03
3.689e-02
-5.417e-03
1.207e-02
4.631e-02
2.190e-02
-1.160e-03
-3.592e-03
-1.113e-02
5.496e-02
-1.859e-02
-3.012e-02
3.540e-02
-1.996e-02
3.156e-02
-2.545e-02
-2.018e-02
1.072e-01
2.567e-01
-4.138e-02
3.113e-02
6.372e-02
-2.982e-02
-1.302e-03
3.721e-02
3.499e-03
3.658e-02
7.819e-03
1.035e-02
-4.665e-02
5.405e-02
-3.278e-02
4.916e-02
-1.449e-02
6.403e-02
5.270e-02
4.970e-02
7.327e-03
-4.617e-03
4.434e-02
2.577e-02
-1.342e-02
-5.175e-02
-8.444e-03
-4.196e-02
9.683e-01
-2.307e-02
3.426e-02
3.889e-02
1.286e-02
5.504e-02
1.077e-01
-5.613e-02
-3.386e-03
5.162e-02
-5.938e-03
-5.642e-02
4.074e-02
-3.241e-02
2.023e-02
2.353e-02
-1.247e-02
-2.751e-03
5.983e-02
2.755e-02
-1.131e-02
-7.346e-02
5.948e-02
5.314e-02
9.191e-02
-9.212e-02
8.906e-03
2.584e-02
7.505e-02
-6.003e-02
3.683e-02
-1.313e-02
6.115e-02
-1.473e-02
2.480e-02
-2.629e-02
-2.963e-02
2.276e-03
-1.149e-02
5.190e-03
-7.715e-02
2.375e-02
7.119e-03
3.203e-02
-4.080e-02
-4.720e-02
-5.836e-02
6.968e-03
4.139e-02
-6.440e-03
4.754e-02
-8.679e-03
-2.566e-02
3.596e-02
2.603e-02
-1.166e-02
4.548e-02
-2.575e-02
-5.394e-02
8.739e-02
-5.356e-02
-5.750e-02
5.092e-02
-3.597e-03
3.002e-02
-4.870e-03
9.104e-03
-1.434e-03
-1.675e-02
-5.407e-02
7.989e-03
-1.237e-01
-8.452e-02
2.259e-02
9.402e-02
3.285e-02
-1.364e-01
2.024e-02
3.889e-02
-3.097e-02
-3.997e-02
-5.231e-02
-6.638e-02
8.974e-02
-4.682e-02
3.673e-02
-4.530e-02
5.111e-02
-7.650e-03
1.258e-02
-4.375e-02
-2.552e-02
-1.632e-02
-1.043e-01
6.393e-02
3.253e-02
9.063e-03
4.020e-02
-1.108e-01
1.418e-01
4.585e-03
4.091e-03
-9.913e-02
1.698e-02
-7.767e-03
-5.975e-02
-9.344e-03
-6.680e-02
2.122e-02
-1.401e-02
-2.349e-02
3.272e-02
4.369e-02
-4.519e-04
-9.103e-03
1.024e-01
-1.585e-01
-4.494e-03
3.363e-03
5.277e-02
1.190e-02
-4.468e-02
-5.126e-03
-6.357e-02
5.553e-02
-6.400e-03
2.094e-01
-1.291e-02
-1.282e-01
-1.863e-02
2.268e-02
1.107e-02
-8.487e-02
-2.112e-02
-3.536e-02
1.580e-01
-4.778e-02
1.181e-01
1.462e-02
6.026e-02
-3.782e-02
9.453e-02
-3.008e-02
3.890e-02
5.028e-02
-3.982e-02
2.560e-02
1.359e-02
3.782e-02
9.333e-03
9.853e-02
-3.794e-02
8.823e-02
-1.241e-01
1.778e-03
-4.540e-03
4.863e-02
7.823e-02
8.223e-02
3.651e-02
-5.335e-02
2.332e-02
1.734e-01
-7.707e-02
-3.127e-02
2.412e-02
7.324e-02
3.299e-02
3.470e-02
9.480e-02
-1.518e-01
-5.712e-02
-5.394e-02
-1.951e-02
-8.805e-02
-1.549e-02
2.552e-02
-4.783e-02
1.050e-01
-1.062e-01
1.874e-01
7.538e-02
-6.746e-03
-1.713e-02
3.245e-02
-8.098e-03
7.310e-02
1.342e-01
2.850e-02
-2.682e-02
9.599e-02
2.617e-02
-1.589e-01
7.280e-02
-2.942e-02
-1.145e-03
-4.263e-02
-7.163e-02
9.879e-02
-5.001e-02
8.787e-03
6.738e-02
4.210e-02
-1.548e-02
-1.649e-01
3.252e-02
1.356e-01
-9.850e-02
5.673e-02
8.058e-02
-1.170e-01
-6.538e-02
-2.201e-02
4.481e-02
-2.867e-02
1.357e-01
7.484e-02
-2.194e-02
1.063e-01
-5.429e-03
-1.080e-02
-7.059e-02
7.450e-02
-3.613e-02
-1.513e-02
7.760e-02
8.375e-02
-9.485e-02
4.671e-02
-1.435e-01
7.397e-03
2.302e-02
1.239e-02
1.989e-04
-6.477e-02
-3.285e-02
-3.406e-02
-5.719e-02
3.210e-02
3.611e-02
8.372e-02
7.053e-02
9.371e-02
2.732e-02
3.976e-02
4.731e-02
1.435e-01
7.022e-02
5.531e-03
9.400e-02
9.104e-02
-1.736e-02
3.997e-02
-1.367e-02
-5.826e-02
1.534e-02
2.252e-01
-3.354e-02
4.172e-02
-4.127e-02
-6.793e-02
2.399e-01
-3.909e-02
-3.376e-02
-1.480e-01
5.889e-02
-4.476e-02
4.451e-03
-1.323e-01
1.160e-02
1.884e-01
-9.094e-02
-2.294e-02
3.749e-02
4.383e-02
8.488e-03
2.300e-02
1.984e-02
-9.311e-02
-8.881e-05
-3.238e-02
-1.649e-01
1.489e-01
8.399e-02
-2.679e-02
8.807e-02
-6.577e-03
-6.001e-02
7.365e-01
-7.283e-02
1.501e-02
-7.429e-02
2.948e-02
1.041e-01
5.544e-03
-4.722e-02
-2.842e-02
5.878e-02
2.083e-02
-7.305e-02
1.132e-01
4.066e-02
5.034e-02
-1.145e-03
-3.751e-02
-1.986e-03
-4.349e-02
-8.309e-03
-2.458e-02
-2.523e-03
1.441e-02
2.267e-02
1.668e-01
1.062e-01
-8.268e-02
-1.386e-01
-5.476e-02
-1.371e-01
2.940e-02
-4.494e-02
4.273e-02
-1.462e-01
6.692e-02
3.664e-03
1.525e-01
7.864e-02
2.012e-02
3.479e-02
1.302e-01
5.329e-02
-5.944e-02
4.190e-02
-2.569e-03
-1.017e-01
-3.114e-02
-4.779e-02
-9.653e-03
1.144e-01
-1.254e-01
3.586e-02
-7.714e-02
-1.002e-01
-5.828e-02
6.531e-02
-3.146e-02
-6.930e-02
7.255e-02
1.908e-01
5.639e-02
1.756e-01
1.173e-01
3.831e-03
3.990e-02
-5.251e-02
-7.693e-02
5.970e-03
4.386e-02
1.238e-02
7.729e-04
1.839e-02
-1.022e-01
-1.930e-02
7.246e-02
5.857e-02
9.234e-02
-1.770e-01
-8.207e-02
2.686e-01
-2.081e-02
-4.127e-04
1.147e-03
5.141e-02
-5.498e-03
-1.331e-02
-4.205e-02
-1.725e-01
1.413e-02
1.159e-01
1.114e-01
-2.879e-02
-8.300e-02
-2.452e-02
-9.777e-02
1.042e-02
-4.737e-02
2.998e-02
-3.056e-02
9.041e-02
7.425e-02
-9.801e-02
2.439e-02
-1.072e-01
8.768e-02
-1.316e-01
-1.992e-01
1.339e-01
-1.060e-01
2.269e-01
5.298e-03
-3.413e-02
9.552e-03
-1.867e-02
-4.060e-02
